1492746540,819.4000,821.4000,815.5000,815.5000,29100
1492746841,818.1000,819.4500,817.3500,819.2000,6900
1492747195,818.3500,820.0000,817.8000,818.1500,14800
1492747449,815.0000,818.4500,814.9500,818.4500,10700
1492747741,814.3000,815.5000,813.9000,815.1000,10900
1492748047,813.7500,814.9500,813.4000,814.3500,5100
1492748344,814.8000,814.8500,813.9500,813.9500,4100
1492748646,814.0500,815.0000,814.0000,814.8500,3800
1492748940,813.6000,814.3500,813.0000,814.1000,4700
1492749251,813.7500,814.0000,813.2500,813.7500,3300
1492749540,813.6000,813.7500,812.7500,813.6000,5100
1492749847,814.0000,814.3500,813.5500,813.5500,3900
1492750142,813.6500,814.1000,813.1000,813.9500,7500
1492750440,813.4000,813.8500,813.1000,813.7500,2600
1492750740,813.3500,813.5000,813.1000,813.2500,3000
1492751046,813.2000,813.4500,813.0000,813.4000,3100
1492751345,813.4500,813.6500,813.2000,813.3000,7600
1492751695,813.5500,813.8500,813.4500,813.5500,5200
1492751940,813.3500,813.7500,813.1500,813.7000,6400
1492752241,813.3000,813.9000,813.1500,813.1500,11200
1492752542,813.2500,813.6000,812.8500,813.6000,8700
1492752840,811.5500,813.6000,811.4500,813.4000,12400
1492753140,812.7000,812.7000,811.5500,811.8500,5200
1492753440,813.6000,813.6500,812.7500,812.7500,4000
1492753757,813.6000,814.3000,813.6000,813.6500,5500
1492754045,814.8000,814.8000,813.7500,813.8500,5000
1492754340,814.8500,815.2500,814.4500,814.8500,14100
1492754644,814.7500,815.0500,814.6500,814.9000,9400
1492754999,814.9500,814.9500,814.1500,814.8000,4200
1492755299,814.4500,815.0000,814.0500,814.8000,5800
1492755546,813.9000,815.0000,813.7500,814.5000,9400
1492755848,814.8500,815.0000,813.5000,814.0000,6700
1492756145,814.3000,815.0000,813.6000,814.9500,9000
1492756440,814.7500,815.0000,814.0000,814.0000,8200
1492756755,814.0000,814.8000,814.0000,814.8000,2400
1492757040,813.6500,814.1500,813.6000,814.1000,5600
1492757399,813.6500,813.8000,813.6000,813.7000,4900
1492757641,813.5500,813.7500,813.5000,813.7500,3400
1492757941,813.1500,814.1000,813.0000,813.6500,7300
1492758298,813.0000,813.3000,812.7500,813.2000,2500
1492758540,813.4000,813.7500,812.7000,813.3500,104000
1492758841,812.4500,814.0000,812.3000,813.5000,2800
1492759141,811.7000,812.9000,811.7000,812.9000,8600
1492759441,810.1000,812.0000,810.1000,811.6000,12400
1492759741,808.0500,810.6500,808.0500,810.5000,11500
1492760044,809.7500,810.2000,808.1000,808.4500,3600
1492760345,809.9000,810.0000,809.4000,809.6000,4700
1492760640,809.5500,810.0000,809.0500,809.9500,4900
1492760951,809.1000,809.6500,808.7500,809.4500,5900
1492761240,809.1000,809.4500,808.5000,809.3500,4300
1492761540,808.4500,809.1500,808.1000,808.9500,7200
1492761842,809.2000,809.2500,807.8000,808.5000,7500
1492762141,810.1000,810.1500,809.0000,809.2500,16900
1492762443,810.0500,810.1000,809.3500,810.0500,24200
1492762743,810.0500,810.1000,809.6500,810.1000,15100
1492763044,810.1000,810.2000,809.7000,810.0000,9900
1492763341,809.9500,810.2500,809.6500,810.1500,10800
1492763641,810.0000,810.2000,809.5000,810.0500,14600
1492763941,810.0500,810.1000,809.8000,810.0500,8500
1492764241,810.0000,810.1000,809.7000,810.1000,14200
1492764542,810.3000,810.7500,809.9000,810.0500,8900
1492764841,810.1500,810.6500,809.7500,810.4000,5600
1492765141,810.1000,811.5000,809.7000,810.2000,47700
1492765441,810.0000,810.1500,809.2000,810.1500,36200
1492765741,810.0000,810.1500,809.3000,810.0500,26100
1492766045,810.0000,810.1000,809.8000,810.0500,18800
1492766345,810.0000,810.1000,809.9000,810.0500,11500
1492766642,811.5000,811.5000,810.0000,810.0500,12000
1492766941,812.9000,813.4500,811.0000,811.5500,22700
1492767244,813.1000,813.1500,812.5500,812.8500,24100
1492767542,813.0500,813.3000,813.0000,813.0500,12700
1492767840,813.0000,813.1500,813.0000,813.1000,14900
1492768140,813.0000,813.2000,813.0000,813.0500,19400
1492768442,813.0500,813.1000,813.0000,813.1000,24800
1492768741,810.2000,813.1500,810.0000,813.0000,26900
1492768800,811.0000,811.0000,811.0000,811.0000,0
1493005798,811.8500,813.7000,810.1000,813.3500,0
1493006092,812.2500,814.1500,811.0000,811.9500,11800
1493006386,811.5000,813.7500,811.1000,812.7000,4900
1493006643,811.7500,812.0000,809.2500,811.2500,10600
1493006940,812.0000,812.5500,810.5500,811.4000,8500
1493007241,814.6000,815.6000,812.0500,812.0500,7900
1493007593,815.1500,815.2000,813.0500,814.5500,4000
1493007840,814.9000,815.2500,814.1500,815.2000,4500
1493008147,814.3000,815.2500,814.2500,814.9500,2200
1493008443,814.0000,815.3500,812.2000,814.3500,12400
1493008740,812.9000,814.0000,811.6000,813.9500,20600
1493009043,814.7500,814.9000,813.0500,813.2000,5400
1493009347,813.8000,814.7000,813.6000,814.7000,1900
1493009691,813.8500,814.2500,813.8000,813.8500,1600
1493009947,816.4000,816.5000,813.9000,813.9000,4300
1493010251,816.3500,816.9500,815.5000,816.7000,3500
1493010540,816.1500,816.7000,816.1000,816.4000,4000
1493010860,816.3500,816.4500,816.2000,816.2000,2300
1493011195,815.9000,816.4000,815.8000,816.4000,5000
1493011444,815.9500,816.0500,815.6000,815.9500,3500
1493011751,815.1500,815.9000,814.1500,815.9000,16700
1493012041,814.5000,816.4000,814.3000,815.2000,12900
1493012340,814.8500,815.9000,814.3000,814.4000,6300
1493012644,814.7000,815.2000,814.3500,814.9000,5100
1493012946,813.0000,814.9500,813.0000,814.6500,7600
1493013248,815.2000,815.2000,810.7500,813.0500,16300
1493013540,813.9000,815.4500,813.7000,815.0500,4100
1493013860,815.6500,815.7000,813.5000,813.8500,2900
1493014167,815.8500,816.4500,815.2500,815.7000,4000
1493014440,817.0000,817.5000,815.5000,815.9000,7200
1493014742,817.9000,817.9000,816.5000,817.4500,6200
1493015094,817.5000,817.9000,816.5000,817.8500,3600
1493015399,817.5000,818.0000,817.2500,817.5000,5300
1493015643,818.0000,818.0000,817.1500,817.5500,2300
1493015944,818.7500,819.0000,817.9000,817.9000,5400
1493016240,819.9000,819.9500,818.9000,818.9000,10500
1493016540,820.1000,821.0000,819.0500,819.8000,15100
1493016840,821.7500,821.9000,819.4000,820.4500,19300
1493017198,819.8000,822.0000,819.5000,821.8500,100300
1493017499,821.4500,821.9000,820.0500,820.0500,7100
1493017748,822.8000,822.8500,821.5000,821.5000,9900
1493018053,823.9500,824.0000,822.2000,822.6500,15100
1493018340,823.0000,823.7000,823.0000,823.7000,5000
1493018649,821.8500,823.0500,821.3500,823.0500,5300
1493018943,821.9500,822.1500,821.3500,821.7500,3300
1493019242,822.4000,822.7000,821.5500,822.0000,2600
1493019540,822.5000,822.8500,821.9500,822.0500,3000
1493019848,823.9000,823.9500,822.6000,822.6000,4600
1493020141,823.2500,824.0000,822.9500,823.9500,4000
1493020449,823.7500,823.7500,822.3000,823.2500,3600
1493020750,823.1500,823.6500,823.0000,823.0000,1700
1493021092,822.7500,823.6500,822.7000,823.4500,1900
1493021347,823.2000,823.5000,822.8500,823.1500,8300
1493021643,823.0000,823.4000,823.0000,823.1000,4200
1493021949,823.1000,823.3000,822.6500,823.1500,4400
1493022299,823.0500,823.2000,822.9500,823.2000,8300
1493022542,822.7000,823.4000,822.6500,823.0000,8400
1493022844,820.8000,822.7000,820.4000,822.6500,9000
1493023144,820.6000,820.9000,819.3000,820.5500,7200
1493023440,821.0000,821.4500,820.5500,820.6500,4800
1493023796,816.5000,821.3500,816.0000,820.9500,14100
1493024045,819.7000,819.9000,816.6500,816.6500,6600
1493024374,820.6500,820.7000,819.1000,819.6000,7800
1493024641,819.8000,820.6500,819.1000,820.5000,8100
1493024942,818.6500,819.9500,818.1000,819.7500,4300
1493025265,819.3000,819.3000,818.5000,818.7500,3200
1493025541,819.0000,819.7000,818.7500,819.2000,4500
1493025899,817.8000,819.0500,817.2500,818.9500,5100
1493026140,815.8000,818.4500,815.3000,817.7500,12500
1493026497,820.0000,820.2500,815.7500,815.9000,35500
1493026740,819.9000,820.2500,819.1000,819.8500,14100
1493027047,819.9000,820.2500,819.4000,820.0000,16500
1493027340,820.0000,820.0000,819.8000,819.9500,10900
1493027641,819.0000,820.0000,818.2500,819.9500,18600
1493027943,819.0000,820.0500,818.9000,819.0500,16100
1493092199,820.6000,825.0000,816.5000,825.0000,0
1493092449,820.3500,821.6500,818.9500,821.0000,13700
1493092740,822.2000,822.2500,820.5000,820.7000,6600
1493093097,820.6500,822.2000,820.5000,821.9000,5100
1493093398,820.5000,820.8500,818.0000,820.7000,9500
1493093640,820.5500,820.9500,819.0500,820.5500,13500
1493093940,820.3000,822.0000,820.3000,820.6000,22600
1493094244,822.0000,822.1500,820.5000,821.0000,22900
1493094548,821.8500,822.6500,821.3000,822.2000,8800
1493094841,821.8500,822.9500,821.3000,822.0000,12200
1493095142,821.8000,823.0000,821.8000,822.0000,15100
1493095453,822.3000,822.6500,822.2000,822.5000,7400
1493095742,822.5000,822.6500,821.8000,822.2500,16100
1493096045,822.6500,823.4500,822.0000,822.4000,19200
1493096340,823.5500,823.8000,822.6500,822.9500,14800
1493096645,823.5000,824.5000,823.3000,823.6000,93000
1493096946,824.5000,824.9000,823.4500,823.4500,8700
1493097245,823.2500,824.8000,823.2500,824.8000,12700
1493097540,822.4500,823.6000,822.2000,823.6000,12500
1493097892,822.0000,823.9500,821.6000,822.4000,11700
1493098146,823.2500,823.7000,821.1000,821.5000,6800
1493098442,821.0000,823.6000,821.0000,823.6000,9200
1493098743,821.8000,823.0000,820.1500,821.3000,10100
1493099045,822.0000,822.5000,821.5000,821.8500,9800
1493099345,821.2500,822.3000,821.2500,822.1000,4600
1493099645,824.3500,824.7000,822.1500,822.3000,6000
1493099945,823.6000,824.3000,823.0500,824.3000,3900
1493100276,823.5500,823.8500,823.0000,823.6500,4600
1493100542,823.1500,824.1500,823.0000,823.5000,5000
1493100846,821.2000,823.2000,820.7500,822.9500,6600
1493101140,821.6500,822.5000,821.0000,821.5500,9700
1493101444,821.4500,822.0500,821.1500,821.2000,5900
1493101788,820.2500,821.5500,820.1500,821.0000,5500
1493102044,820.5500,821.2500,820.1500,821.2500,4200
1493102341,817.6500,821.5000,817.3000,820.9000,9200
1493102641,817.5000,818.5000,817.0500,817.7000,8400
1493102998,818.2000,818.4500,817.2000,817.6500,5800
1493103240,817.8500,819.2500,817.7500,818.3000,18300
1493103545,816.9500,817.8500,816.2500,817.8000,11100
1493103846,816.8000,817.5500,816.3500,816.5500,4900
1493104150,816.8000,816.9500,815.8000,816.6500,7500
1493104442,815.6500,816.6500,815.5500,816.6000,5800
1493104740,816.0500,816.2500,815.5000,815.6000,4100
1493105042,815.3500,816.0500,815.3500,815.9500,5900
1493105342,815.9500,816.1000,815.2500,815.4000,6400
1493105693,817.6000,818.2500,816.2500,816.5500,12200
1493105940,817.9000,819.7500,817.7000,818.1500,15000
1493106244,814.9500,818.0000,813.6000,817.8500,19300
1493106542,817.2000,817.2000,815.0500,815.3000,10700
1493106840,818.7000,819.9000,817.3000,817.3500,21700
1493107199,819.5000,819.7000,818.1000,818.6500,15400
1493107443,819.5000,819.7000,817.5000,819.7000,23400
1493107740,819.0000,820.4500,818.8500,819.6500,15100
1493108040,819.9500,820.4500,817.5000,818.9000,13500
1493108355,820.3000,820.8500,818.8000,819.8000,16800
1493108651,819.6500,820.8500,818.8500,820.2500,13900
1493108948,817.5500,820.0000,817.3000,819.7500,23700
1493109242,818.8000,819.4500,817.8000,817.8000,13500
1493109547,820.8000,820.8000,818.9500,819.1500,13000
1493109840,819.0000,821.0000,818.0500,820.7500,15900
1493110141,818.0000,819.4500,817.6000,819.2000,11900
1493110440,818.8500,819.6500,817.5000,818.0500,13500
1493110748,818.5500,819.8000,818.1500,818.8000,13500
1493111044,818.0000,820.0000,817.9500,818.5000,12600
1493111340,819.4000,819.5000,817.7000,817.7000,11700
1493111644,818.5000,819.6000,817.7000,819.0500,11300
1493111940,817.8500,818.9000,817.5000,818.2000,11300
1493112299,818.4500,818.6000,817.4000,818.0000,14600
1493112566,819.4000,819.4500,817.9000,818.6000,10400
1493112842,820.0500,821.6000,819.3500,819.3500,35100
1493113146,819.8500,820.8000,819.1500,820.3500,30500
1493113499,820.4500,820.5000,819.3000,819.8000,26700
1493113740,819.9500,820.9500,818.5500,820.5000,39000
1493114047,819.8500,820.0000,818.2500,819.9000,32400
1493114341,818.6500,819.9000,818.0000,819.8000,15500
1493178543,821.0000,821.8000,819.0500,821.8000,0
1493178841,820.0000,821.5000,820.0000,820.9500,10400
1493179140,819.3000,820.6000,818.1000,819.8000,14600
1493179499,818.4000,820.0000,818.3500,819.5000,12000
1493179799,817.8500,818.9500,817.5000,818.7500,5400
1493180042,817.1500,819.2000,817.1000,817.6500,8200
1493180341,816.4000,817.5500,816.2500,817.2500,5600
1493180641,817.0000,817.5500,816.5000,816.5000,6100
1493180941,818.0000,818.1000,817.0000,817.0500,7800
1493181241,817.0000,818.6000,817.0000,818.4500,4000
1493181541,818.0000,818.9000,816.6000,817.4000,9800
1493181840,817.4500,818.0000,816.9000,817.9000,4500
1493182141,817.7500,818.0000,816.9000,817.7000,4600
1493182441,817.1000,817.9500,816.8000,817.9500,5700
1493182741,816.8000,817.8500,816.7500,817.5500,3200
1493183040,818.1500,818.7500,816.7500,817.0000,3800
1493183341,816.9500,818.6500,816.9500,818.6500,8900
1493183641,815.7000,816.9500,815.0000,816.7500,9600
1493183941,816.6000,817.5000,815.8000,815.8000,4700
1493184241,815.3500,817.4500,815.3000,816.6500,7300
1493184598,815.7500,815.7500,814.0000,815.4000,11600
1493184841,816.8500,817.0000,815.6500,815.6500,5600
1493185140,816.5500,817.3000,815.7500,816.8000,5700
1493185440,816.4500,817.0000,816.0000,816.4500,6800
1493185741,816.7000,816.9500,815.7000,816.4000,5500
1493186099,816.3000,816.9000,815.9500,816.9000,6400
1493186341,815.0000,816.5000,815.0000,816.4000,5400
1493186641,814.7500,815.9500,814.6000,815.4500,5400
1493186941,814.9500,815.2000,814.5000,814.8000,4200
1493187241,814.1500,815.0000,813.1000,814.9000,7600
1493187541,813.8500,814.5000,813.5500,814.4500,4400
1493187841,814.3500,814.5000,813.5000,813.8000,7200
1493188143,813.2000,814.3500,812.9000,813.9000,7500
1493188441,813.6000,814.0000,813.2000,813.5000,3200
1493188740,813.5000,814.0000,813.1500,813.6000,5300
1493189041,812.9500,813.5000,812.6500,813.3000,5500
1493189340,812.8000,813.0000,812.7000,813.0000,4900
1493189642,812.4000,813.0000,811.6000,812.7000,7000
1493189940,812.8000,813.9000,812.0000,812.3500,15700
1493190299,811.8500,813.0500,811.7000,813.0500,8300
1493190541,812.3500,812.7500,811.8000,811.9000,6800
1493190899,811.6500,812.4000,811.4500,812.4000,5800
1493191141,811.4500,811.6500,811.1000,811.6000,4700
1493191441,810.9000,811.6000,809.2500,811.3500,15300
1493191744,809.7500,811.0000,809.1000,811.0000,5000
1493192041,809.8500,810.3000,809.2500,809.8000,9600
1493192341,809.4500,810.3000,808.7500,809.9000,7400
1493192641,809.5500,809.7500,809.0000,809.6500,5300
1493192941,809.6000,809.7500,808.7500,809.3500,5200
1493193241,809.1000,809.8000,808.8500,809.7500,5500
1493193543,806.9000,809.6000,806.9000,809.0000,19600
1493193843,806.8500,807.4500,806.2500,806.8500,10500
1493194141,808.0000,808.4500,806.8000,806.8000,8300
1493194441,806.5500,809.0000,806.5000,808.2500,12100
1493194741,808.2500,809.0000,806.5000,806.5000,5300
1493195040,807.4000,809.0000,807.2500,808.3500,11200
1493195343,805.0000,807.6500,804.8000,807.2000,27900
1493195644,804.4500,805.0000,804.0000,804.8500,18700
1493195954,803.7000,804.5500,803.3000,804.5500,18700
1493196240,802.4000,804.1000,802.3000,803.6000,17900
1493196541,800.4500,802.5000,800.0000,802.5000,27800
1493196840,799.8000,800.8000,799.0000,800.2500,18900
1493197199,799.4500,800.5000,799.1000,799.8500,24900
1493197440,797.0000,800.5000,797.0000,799.6500,26600
1493197798,800.1000,800.5000,796.5500,796.8500,14700
1493198041,799.8000,801.7000,799.0500,800.1500,72600
1493198396,799.7500,800.2000,799.6000,800.0000,21200
1493198641,799.8000,800.5500,799.7000,799.9000,13500
1493198999,800.0000,800.2000,799.8500,800.0000,24200
1493199240,800.4500,800.5000,799.8500,800.0500,34300
1493199545,799.9500,800.5500,799.3500,800.5500,34500
1493199845,799.9500,800.0000,799.5500,800.0000,28200
1493200145,800.0000,800.5500,798.9000,800.0000,38300
1493200444,800.8000,800.8000,799.6000,800.3500,25800
1493200740,800.0500,803.3000,800.0500,800.7500,25200
1493200800,801.0000,801.0000,801.0000,801.0000,800
1493264940,798.0000,801.2000,796.4500,797.8500,0
1493265247,799.5500,799.7000,797.3500,798.4000,21500
1493265540,804.1500,806.5000,799.0000,799.5000,47700
1493265840,804.4500,805.0000,802.6500,804.4500,20400
1493266142,804.5000,804.7000,803.7000,804.5000,20500
1493266441,805.3000,807.0000,804.0500,804.4500,23500
1493266757,808.9000,808.9000,805.2500,805.2500,27700
1493267098,809.5500,809.6500,808.6000,808.8000,27400
1493267340,809.4500,809.9500,809.0000,809.6000,10200
1493267640,808.4500,809.4000,808.2500,809.0500,9900
1493267940,809.3500,810.4500,808.4000,808.5000,37900
1493268241,809.5500,810.7000,809.0500,809.6000,13800
1493268540,809.6000,809.7500,809.3000,809.4500,4400
1493268840,807.8000,809.7000,807.8000,809.7000,12700
1493269141,809.1000,809.9000,808.0000,808.0000,9800
1493269444,809.8500,810.0000,808.6500,809.3000,4500
1493269741,809.5500,810.2500,809.0000,809.8000,11900
1493270046,808.3500,809.8000,808.3000,809.6500,5600
1493270362,808.8500,809.0000,808.2500,808.3000,6700
1493270667,809.2000,809.4000,808.0000,808.7000,37100
1493270941,809.6500,809.7500,808.7500,809.2500,13700
1493271262,809.5000,810.0000,808.8500,809.8000,8500
1493271540,809.8000,809.8500,809.0000,809.7500,9900
1493271843,810.8500,811.1000,809.6000,809.9000,14100
1493272143,811.5500,812.6500,810.2500,810.6000,38800
1493272441,811.9000,812.0000,811.5500,811.8000,8100
1493272743,811.5000,811.9000,811.0000,811.6500,5000
1493273097,811.0500,812.0000,811.0000,811.6000,31300
1493273344,811.4500,811.7000,810.5000,811.1500,4600
1493273669,811.7000,811.7000,811.0000,811.4000,3200
1493273949,811.9000,811.9000,811.0500,811.6000,3500
1493274240,811.6000,811.9500,811.0000,811.8500,2300
1493274548,812.0000,812.0000,811.2500,811.2500,5200
1493274841,811.0000,812.0000,810.0500,811.9500,4800
1493275140,811.0000,811.0000,810.3500,810.9000,5000
1493275453,811.9500,811.9500,810.8000,810.9500,4800
1493275740,810.7500,811.9500,810.0500,811.6500,10700
1493276045,810.5000,811.2000,810.0000,810.0500,3800
1493276344,810.7000,811.2000,810.0500,810.9000,5300
1493276640,810.2500,810.9000,810.2000,810.9000,3200
1493276944,810.4500,810.5000,808.8000,809.2000,16200
1493277240,810.5000,810.5500,809.5000,810.5000,7700
1493277541,810.9000,811.4000,810.4500,810.7500,5300
1493277844,810.7500,811.4000,810.0500,810.6500,4900
1493278162,810.4000,811.2000,810.2500,810.8000,3300
1493278443,811.5000,811.5000,810.4000,810.4000,2700
1493278757,811.5000,811.5000,809.7500,810.9500,6800
1493279044,812.0000,812.0000,810.3000,811.6000,4600
1493279344,811.4500,812.2500,810.7000,811.9500,8900
1493279641,811.7000,812.0000,811.0000,811.2000,5200
1493279941,812.0000,812.0000,811.0500,811.8000,6900
1493280253,812.0000,812.2500,811.1000,811.9500,25200
1493280543,812.0000,812.0000,811.4000,811.8500,13700
1493280840,811.9000,812.0000,811.8500,811.9500,7100
1493281142,812.0000,812.0000,811.7500,811.7500,6300
1493281491,812.4000,812.4000,811.8000,811.9500,101100
1493281740,812.9000,813.9500,812.3000,812.3000,18300
1493282099,813.7000,814.0000,812.4000,812.9500,14400
1493282342,813.6000,815.2500,813.0500,813.9000,27000
1493282644,813.5500,813.9000,813.2000,813.5000,13100
1493282941,814.5000,814.5000,813.5000,813.5000,18700
1493283240,816.0000,817.3500,814.7000,814.7000,26200
1493283599,816.6500,819.0000,816.0000,816.3500,21300
1493283843,818.8000,819.9000,816.7500,817.3000,20800
1493284143,819.7000,820.0000,816.9000,819.0000,26400
1493284441,817.7500,820.0000,816.8000,819.5000,23400
1493284793,815.6000,818.3500,815.0500,817.6500,14500
1493285041,815.9000,816.0000,815.0000,815.4500,14600
1493285341,812.2500,816.0000,811.6000,815.4000,38500
1493285640,808.5500,813.6500,808.2000,812.2000,275500
1493285940,809.8000,810.6000,808.0000,808.5000,299700
1493286240,809.4500,810.4000,808.9000,809.7000,287500
1493286540,810.5500,811.8500,809.2000,809.8000,296700
1493286840,809.6000,810.7000,808.4500,810.3000,295600
1493287140,811.8000,813.8500,809.0500,809.7000,225600
1493351341,807.6000,812.9000,806.0000,810.0500,0
1493351644,809.4500,809.5000,806.6000,807.5000,14100
1493351941,812.3500,812.3500,808.6000,809.0500,10600
1493352242,815.0000,816.0000,812.6500,812.8000,17900
1493352543,814.1500,818.5000,813.8000,815.3000,26200
1493352840,815.5500,815.5500,813.2000,813.9500,11900
1493353140,813.0000,816.0000,812.1000,815.5000,34200
1493353441,809.7000,812.9500,808.6000,812.9500,20800
1493353743,808.8500,811.0000,808.4000,809.8000,13600
1493354043,808.7000,808.9500,808.0000,808.7500,8000
1493354342,805.0000,809.0000,804.7500,808.6500,41900
1493354643,800.8500,807.4000,800.8500,805.2000,160300
1493354942,800.5000,801.4500,799.7500,800.2500,118100
1493355243,800.0000,801.6000,799.9500,800.4000,90700
1493355540,805.3000,805.3000,800.2000,800.4000,28900
1493355840,808.4500,809.2000,805.0000,805.2500,40800
1493356140,809.4500,810.8000,808.5000,808.7000,51700
1493356499,809.8500,811.3500,808.2500,809.3500,18400
1493356742,810.0000,812.1000,809.8500,810.0000,15900
1493357041,812.7500,812.7500,810.0500,810.0500,7100
1493357341,811.8000,812.7500,811.3000,812.4500,11500
1493357641,810.2000,811.7500,810.2000,811.7500,6300
1493357998,811.6000,812.4500,810.5000,810.5000,8300
1493358245,812.4500,812.4500,811.7000,811.8000,4100
1493358594,812.6500,812.7000,812.1000,812.4000,7900
1493358840,813.9000,815.0000,812.5000,812.7000,11400
1493359142,814.0000,814.8500,813.9000,814.0500,5500
1493359446,815.2500,816.0000,814.0500,814.2000,12900
1493359741,815.2000,815.2000,814.2000,815.2000,6600
1493360043,815.6000,815.8000,815.1500,815.2500,5600
1493360342,815.3000,815.8500,814.9500,815.7000,5200
1493360697,815.7000,815.8500,815.0000,815.3500,6700
1493360943,815.6500,815.9000,815.5000,815.8500,7200
1493361298,814.7000,816.0000,814.5500,815.9000,9700
1493361564,815.9500,816.0000,814.2500,814.5500,5600
1493361842,816.0000,816.0000,815.8500,816.0000,4800
1493362142,815.8000,816.0000,815.2500,815.9000,6700
1493362442,815.8000,815.9500,815.7000,815.9000,3200
1493362797,816.1500,816.2000,815.8000,815.9500,7700
1493363051,816.3000,818.3500,816.1500,816.1500,19900
1493363381,816.6500,817.4500,815.9500,816.4000,6800
1493363642,817.0000,818.0000,816.5000,816.5000,6700
1493363942,818.3500,818.4000,817.6500,817.7500,5400
1493364242,818.8000,818.8000,817.5000,818.3500,8200
1493364542,817.8000,818.8000,817.7000,818.7500,5800
1493364842,816.5500,818.0000,816.2500,817.8500,6700
1493365142,816.0000,817.5000,816.0000,816.4500,7600
1493365441,817.4500,817.6000,816.0500,816.5500,5500
1493365756,817.4500,817.6000,817.2500,817.4000,4600
1493366097,817.9000,818.0000,817.4000,817.4000,3500
1493366342,818.8000,818.9500,817.8500,817.8500,7600
1493366642,819.7500,819.8000,818.8500,818.9500,6800
1493366999,818.7500,820.0000,818.7000,819.5500,12900
1493367254,818.6500,819.0000,818.0500,818.9500,7200
1493367540,815.1000,818.9500,815.1000,818.3000,34600
1493367840,814.8000,815.2500,812.3500,815.2500,26300
1493368144,814.2500,814.9500,811.0500,814.5500,13500
1493368440,811.4000,814.3000,810.2500,814.3000,14000
1493368742,813.0500,813.4500,811.6500,811.9500,5100
1493369099,815.1500,815.8000,813.0000,813.1500,5200
1493369396,815.4500,815.7000,815.0500,815.2000,3500
1493369641,812.9000,815.1000,812.8000,815.0500,4500
1493369994,813.3000,813.5500,812.8000,813.2500,3100
1493370246,812.0500,813.8000,812.0500,813.5000,3600
1493370541,812.0000,812.5000,811.9000,812.1500,4500
1493370840,811.3000,812.1000,811.3000,812.1000,4900
1493371141,810.6500,812.4000,810.5000,811.4000,5800
1493371443,810.9000,811.5000,810.4500,810.9500,4100
1493371798,810.9500,811.7000,810.8500,811.2500,3800
1493372041,810.1000,810.9000,809.9000,810.9000,33900
1493372399,810.2000,810.2500,810.0000,810.1500,29500
1493372640,810.7500,810.8500,810.0500,810.2500,36400
1493372942,818.2000,818.4500,810.7500,810.8500,49300
1493373240,817.4500,819.1000,817.1500,818.3000,56000
1493373540,818.1000,818.8500,811.4000,817.9000,42400
1493696941,811.9000,816.1500,811.7000,816.1500,0
1493697240,817.8000,818.0000,811.9000,812.3500,25800
1493697542,819.7000,819.9000,817.8000,817.8500,18800
1493697898,820.8500,820.9500,817.4000,819.8500,20600
1493698141,820.0000,820.9000,819.6000,820.9000,15500
1493698446,820.5000,820.9500,819.3000,820.1000,8000
1493698740,822.3000,823.5500,820.2500,820.2500,17300
1493699041,821.3000,822.7500,821.1000,822.5000,5800
1493699340,821.8000,821.9000,819.7500,821.1000,12400
1493699642,823.1000,823.2500,821.8000,821.9000,4900
1493699973,823.6000,824.0000,822.9500,823.0500,11600
1493700240,822.8000,823.7000,821.6000,823.5500,15300
1493700540,822.9000,822.9000,821.8000,822.6000,4200
1493700850,822.2000,823.0000,821.8000,822.9500,7900
1493701155,823.2500,824.6000,822.3500,822.3500,18400
1493701441,822.5500,823.6500,822.4500,823.2000,4700
1493701743,823.5000,825.4500,822.6500,822.6500,18000
1493702050,821.9500,823.7000,821.9000,823.1500,12800
1493702346,820.0000,821.0000,819.5500,821.0000,38600
1493702650,819.9500,820.0500,818.3000,819.9000,17600
1493702957,819.7500,820.2000,819.0500,820.0000,16800
1493703269,819.9000,820.0500,819.0000,819.7000,9200
1493703559,820.2000,820.2000,819.5500,819.7500,6900
1493703858,819.0000,820.2500,818.7500,820.0000,4100
1493704149,818.8000,819.0000,817.4500,818.8500,10300
1493704442,817.5000,818.8000,817.1000,818.4000,7600
1493704740,819.2500,819.3500,817.3500,817.3500,4600
1493705042,820.6500,821.0000,819.3000,819.3000,6200
1493705347,821.3500,821.4000,820.0000,820.0000,4200
1493705649,821.6500,821.6500,820.5500,821.3000,3000
1493705941,821.7500,822.2500,820.7500,821.6500,8900
1493706254,821.6000,821.7500,820.9500,821.7000,2900
1493706546,822.2000,822.6000,821.2500,821.7500,5900
1493706842,822.4000,822.4500,821.3000,821.7000,3500
1493707142,822.5500,823.0000,822.0500,822.4500,6100
1493707441,823.0000,823.9500,822.6000,822.7000,11200
1493707740,824.6000,824.8000,822.8000,822.8000,10200
1493708047,824.2000,824.7000,823.3000,824.4500,8300
1493708343,824.0000,824.7000,823.8000,824.0000,6600
1493708640,824.4000,824.4000,823.3500,824.3000,5400
1493708940,824.2000,824.6000,823.6000,824.5000,5900
1493709250,822.4000,824.2500,822.3500,824.1500,7300
1493709546,822.1000,823.2500,821.8000,822.4500,6100
1493709841,821.4500,821.9000,820.3000,821.9000,11300
1493710151,822.2500,822.4000,821.2000,821.3000,7000
1493710447,821.9500,822.4500,821.2000,821.2500,7100
1493710740,822.3500,822.9000,820.8000,822.0000,5400
1493711040,822.5000,823.4000,822.0000,822.4000,10000
1493711347,823.6000,824.0000,821.0000,822.5500,12200
1493711649,823.9000,824.3000,823.0000,823.4000,7100
1493711942,823.0000,823.8500,821.3500,823.8500,11400
1493712249,822.9500,823.0000,822.6500,822.9500,5300
1493712552,823.3500,823.4500,822.6000,823.0000,8300
1493712853,823.0000,823.4500,822.9000,823.3000,6500
1493713150,822.8000,823.9500,822.5500,822.8500,10500
1493713445,822.5000,822.8000,822.3500,822.7000,5900
1493713751,822.4500,822.6000,821.8500,822.4500,9000
1493714046,820.9000,822.5000,819.7500,822.5000,10300
1493714347,820.8000,821.0500,820.1500,820.8000,7200
1493714641,820.8000,821.6000,820.6000,820.8500,4500
1493714944,820.6000,820.8500,820.0500,820.7000,6200
1493715244,819.0000,820.7000,818.6000,820.6500,10300
1493715544,819.5500,819.6000,818.3000,818.8500,9700
1493715841,818.6000,820.1500,818.2000,819.3500,14800
1493716140,817.1000,818.7500,816.2000,818.2000,10900
1493716445,818.0000,818.0000,816.9500,817.0000,8300
1493716797,820.3500,820.4500,817.9500,817.9500,9400
1493717043,818.5000,820.4500,818.0000,820.4000,9100
1493717340,819.8500,819.9000,817.6000,818.6000,7500
1493717697,820.2000,820.7500,819.4000,819.9000,23000
1493717945,821.1500,821.4500,819.4500,820.5000,18700
1493718240,822.1000,824.4000,821.2000,821.2000,37900
1493718541,823.7000,824.6000,822.0000,822.0000,25400
1493718841,821.8000,823.6500,821.6000,823.6500,36800
1493719140,822.1000,822.3000,821.0000,821.7500,21200
1493783344,823.6000,824.8000,821.0000,823.8500,0
1493783641,823.3000,826.1000,823.0000,823.9500,22100
1493783949,823.8000,823.9000,822.2000,822.7500,17300
1493784241,824.1000,825.5500,823.5000,823.7000,13400
1493784544,825.5000,825.5000,823.5500,824.4000,16700
1493784840,826.5000,826.5000,824.0000,825.1500,18700
1493785193,825.6000,828.0000,823.6500,826.9000,16700
1493785441,826.2500,827.4500,825.4500,825.7500,14200
1493785741,828.5000,829.1500,826.0000,826.2000,18900
1493786048,828.6000,828.8000,827.9000,828.0000,7000
1493786399,828.3500,828.6500,826.7000,828.2000,10200
1493786640,829.7500,830.0000,827.5000,828.4000,21800
1493786944,829.5500,830.0000,828.7500,829.5000,24400
1493787256,829.7500,829.9000,828.9500,829.8000,14000
1493787544,829.5500,829.8000,828.2500,829.5000,10200
1493787840,830.9000,831.0000,829.0000,829.7000,19300
1493788144,831.9500,832.0000,830.4000,830.7500,34000
1493788453,831.8000,832.2000,830.7500,831.7000,17100
1493788740,832.4500,832.9500,831.6500,831.7000,16900
1493789042,831.4500,832.6000,830.6000,832.2500,16800
1493789344,832.6500,832.8000,831.0000,831.4000,9600
1493789640,834.0000,835.0000,832.4000,832.8000,25400
1493789944,834.9500,835.0000,833.3000,834.2000,10100
1493790240,833.9500,835.0000,833.3500,835.0000,6900
1493790554,832.0000,834.6000,831.9000,834.3500,10800
1493790883,833.6500,833.7000,831.8500,831.8500,7300
1493791196,833.9000,833.9000,832.0000,832.0000,8800
1493791482,833.0000,833.8500,832.3000,833.8500,7900
1493791797,832.4500,833.0000,832.0000,832.7500,8700
1493792042,831.6500,832.7000,831.1000,832.5000,11100
1493792368,832.4000,832.5000,831.5000,831.6000,6000
1493792652,832.4500,832.4500,831.6000,832.3500,4500
1493792946,832.2000,832.6500,831.5500,832.5000,5400
1493793299,829.6000,832.5000,828.1000,832.1000,22400
1493793549,829.2500,830.3500,829.2500,829.5000,6300
1493793841,829.2500,829.8000,829.0500,829.6000,5700
1493794141,830.6500,831.0000,829.3500,829.3500,2800
1493794466,830.5000,831.0000,830.0500,830.4000,10800
1493794745,831.9000,831.9000,830.5000,830.8500,3100
1493795042,831.0500,831.8500,830.5500,831.7500,3900
1493795398,830.3500,831.3000,829.0000,831.3000,8600
1493795641,831.2500,831.5000,830.0000,830.0000,5500
1493795941,831.8000,831.8500,831.0000,831.2000,2300
1493796241,832.0000,833.0000,831.6000,831.6000,5100
1493796552,832.5500,832.6000,831.7000,831.8000,2100
1493796847,834.7000,834.7000,832.7500,832.7500,17000
1493797156,836.0000,836.7500,834.4000,834.6500,38800
1493797448,836.0500,837.3000,835.8000,836.2500,36000
1493797741,836.0000,837.4000,835.7500,836.4500,24100
1493798044,834.8000,836.3000,834.2000,835.9000,11300
1493798344,833.6500,835.0000,833.3500,834.9500,8900
1493798640,832.8000,834.5000,832.6500,833.9500,9800
1493798945,830.0000,833.0000,829.0500,833.0000,39400
1493799245,829.6000,830.0000,829.0000,829.9000,20800
1493799568,829.5000,830.0000,829.4000,829.7000,7500
1493799898,829.9500,830.0000,829.1000,829.8500,3600
1493800165,829.9000,830.0000,828.0500,829.5000,9600
1493800460,831.7000,831.9000,829.5000,829.5000,7800
1493800746,831.7500,831.9000,831.2000,831.2500,4200
1493801049,832.0000,832.0000,831.5000,831.9000,6400
1493801340,830.2000,832.0000,830.2000,831.9000,3700
1493801648,831.4500,831.7000,830.0000,830.0500,3000
1493801946,832.0000,832.0000,831.2500,831.8000,3400
1493802247,831.5000,832.0000,831.5000,831.8000,8800
1493802554,832.0000,832.5000,831.4000,831.8000,14000
1493802898,832.3000,832.7500,831.5000,831.9500,5600
1493803145,833.1500,833.5000,832.1500,832.1500,5500
1493803441,833.9500,834.8000,832.6500,832.7000,4900
1493803797,833.9500,833.9500,833.5000,833.8500,6700
1493804098,835.7000,836.0000,833.7000,833.7000,19200
1493804343,835.0000,837.5000,834.5000,835.7500,31000
1493804699,835.0000,835.5000,834.2000,834.9500,27600
1493804946,835.5000,835.5000,832.6000,834.9500,21700
1493805244,834.8500,835.5000,833.7000,835.4500,21600
1493805544,835.1000,835.8500,834.6000,835.0000,17300
1493869742,841.7000,842.6000,836.3000,836.3000,0
1493870042,840.6500,842.0000,840.0000,842.0000,26200
1493870398,839.9500,840.9500,839.5500,840.6000,15800
1493870652,836.5500,839.9000,836.4000,839.5000,24700
1493870940,835.9000,837.9000,835.1500,836.3000,11700
1493871240,835.0500,837.3000,835.0500,836.0000,10600
1493871541,834.9500,835.7000,834.0000,835.4000,15600
1493871841,832.1500,836.3500,832.1000,835.0000,24900
1493872143,832.0500,834.4500,831.1500,832.2500,11400
1493872442,832.0000,834.4500,832.0000,832.1000,9500
1493872742,831.7500,833.4500,831.5000,832.4000,10900
1493873046,830.0000,831.8500,829.5500,831.8500,21700
1493873351,830.0000,830.0000,829.7500,829.9000,7000
1493873658,830.0000,830.5000,829.4000,829.8000,12000
1493873941,827.7500,830.0000,826.8500,829.9500,15600
1493874247,829.4500,829.9000,827.0000,827.6500,6100
1493874547,829.5500,830.0000,828.2000,829.1500,6600
1493874877,830.0000,830.0000,829.1500,829.5000,3600
1493875147,829.9000,830.5000,829.5000,829.7000,7600
1493875452,830.0000,830.0000,829.6000,829.9500,6800
1493875740,829.8500,830.0000,829.7500,829.9500,8700
1493876066,830.1000,830.1000,829.8000,829.9500,3300
1493876352,829.8500,830.1500,829.6000,830.0000,3400
1493876646,829.8000,830.0000,829.2500,829.7000,4400
1493876961,829.5000,830.0000,829.2500,829.7000,4200
1493877256,829.5000,829.6000,828.8000,829.3000,4400
1493877599,828.4000,829.6000,826.7000,829.4500,27400
1493877842,825.3500,828.4500,825.0500,828.4500,13800
1493878140,823.9500,825.6000,823.0000,825.1000,20000
1493878441,818.5000,824.0000,818.5000,823.4000,30800
1493878741,820.9000,821.3000,818.1500,818.6500,20500
1493879042,820.6500,821.9500,820.5000,821.2500,16100
1493879398,818.9500,820.3500,818.6000,820.3000,13900
1493879642,817.0000,819.7000,816.7000,819.2000,13700
1493879940,817.7000,817.9500,816.6500,816.8500,11900
1493880242,816.3500,818.9000,815.5500,817.6500,19000
1493880540,815.2500,816.9500,815.1500,816.1500,14700
1493880842,817.1500,817.6000,815.1000,815.2000,15700
1493881199,816.1500,817.2000,815.6000,817.0000,12800
1493881444,816.0000,816.7000,815.7500,815.9500,20500
1493881741,816.7500,816.7500,815.9500,815.9500,45500
1493882042,816.0000,818.3000,815.5500,816.8500,32200
1493882341,815.0000,815.9500,814.5500,815.9500,30800
1493882699,815.1000,815.4500,814.6500,815.1000,40000
1493882942,815.0000,815.2000,814.5000,815.1500,58900
1493883242,814.9000,815.0000,814.5000,814.7000,8800
1493883572,815.0000,815.0000,814.8500,814.9000,12200
1493883890,815.0000,816.0000,814.9000,814.9500,32800
1493884198,811.5500,814.7500,808.5500,814.7500,134000
1493884445,813.0000,813.4500,811.5000,811.5000,17800
1493884742,814.5500,814.5500,812.5500,813.1500,12300
1493885043,812.5500,814.8000,812.3500,814.8000,23700
1493885399,811.7500,812.7500,811.1500,812.5000,20500
1493885641,813.5000,813.8000,811.4000,811.7000,11500
1493885943,812.9000,814.0000,812.5500,813.4500,8700
1493886299,813.7000,814.5000,812.8500,813.3000,7200
1493886541,814.2000,814.3000,813.0000,813.5000,9000
1493886840,814.0000,814.7000,813.5000,814.1000,8000
1493887142,811.8000,814.0000,811.7000,813.9500,7500
1493887440,812.5500,813.3000,812.3000,812.9500,8700
1493887740,814.1000,814.1000,812.5000,812.8500,6600
1493888042,814.2500,814.4500,813.3000,814.0500,9400
1493888343,814.9500,815.2500,814.0500,814.2000,6000
1493888699,816.5500,817.0000,814.9500,815.0500,13000
1493888940,817.0000,817.0000,815.6000,816.6000,9800
1493889242,816.0000,817.2500,815.5500,816.9500,11500
1493889540,816.6000,816.7500,815.7000,815.9500,9800
1493889847,816.8500,816.8500,815.2500,816.5500,9700
1493890140,816.5000,817.1000,815.9500,816.5500,9800
1493890440,817.8000,817.9500,815.8000,816.4000,22800
1493890740,818.5500,819.0000,817.7500,817.7500,30800
1493891040,818.2000,818.9000,817.8500,818.7000,29400
1493891340,818.7000,818.7000,817.0500,818.2500,30100
1493891698,818.8500,819.0000,816.8000,818.6500,33300
1493891942,816.6000,819.0000,815.2500,818.8000,25300
1493956141,823.0500,823.6000,814.3000,818.0000,0
1493956494,821.6500,823.4500,820.8000,823.2500,13900
1493956742,821.6000,822.6000,820.8500,821.2000,12100
1493957042,821.6000,821.9000,821.1500,821.5500,9800
1493957340,821.1000,822.0000,820.8500,821.8500,14800
1493957642,817.6500,821.5000,817.5500,820.9000,17400
1493957940,816.6500,817.9000,816.2000,817.6000,8600
1493958251,818.3500,819.0000,816.7000,816.9500,5600
1493958548,819.6000,819.9000,818.3000,818.6500,3700
1493958842,820.4000,820.6000,819.4500,819.5500,6900
1493959141,820.6000,822.0000,819.8000,820.5000,14000
1493959442,819.0000,820.4500,818.7500,820.1500,5000
1493959741,819.8000,820.1000,819.1000,819.1000,6400
1493960045,820.6000,821.0000,819.4500,819.8500,4300
1493960388,820.0000,820.8500,819.3000,820.8500,5000
1493960641,820.6000,820.7000,820.0000,820.1500,4100
1493960951,820.2000,820.6000,820.0000,820.5000,7100
1493961266,820.7500,820.7500,820.2500,820.3000,1600
1493961543,821.0000,822.1000,820.2500,821.0000,102500
1493961841,821.1500,821.5000,820.5000,820.8000,9800
1493962147,822.6000,822.6000,820.8000,821.1000,7000
1493962441,821.8500,822.6000,821.4000,822.5000,22700
1493962799,823.1500,823.6000,822.1500,822.1500,7600
1493963042,823.0500,823.5000,823.0000,823.0500,7400
1493963340,824.5000,824.9500,822.7500,823.1000,11700
1493963640,826.0000,826.3500,824.5000,824.7000,7800
1493963944,825.7000,826.5000,825.4000,826.0500,10100
1493964296,825.7500,826.2000,825.5000,825.5000,10500
1493964540,825.7500,826.0000,825.5000,825.8500,3700
1493964842,826.2000,826.2000,825.7000,825.7000,2900
1493965143,826.9000,827.9500,826.3000,826.3500,19300
1493965496,825.2500,827.0000,825.0000,827.0000,12500
1493965744,826.1500,826.6500,825.0000,825.4500,8000
1493966042,826.9500,827.0000,825.9500,826.0000,9800
1493966341,826.6500,827.4500,826.5000,827.0000,14400
1493966698,826.2000,827.2000,826.1000,826.7500,10800
1493966941,826.5000,827.0000,826.0500,826.3000,9100
1493967241,825.8000,826.4500,824.7000,826.4500,33200
1493967547,825.3500,826.1500,825.3500,825.7500,6100
1493967841,825.5000,826.6500,825.2500,825.2500,9400
1493968142,826.1000,826.9000,825.6000,825.9500,6300
1493968441,827.0000,828.4000,826.1500,826.1500,10100
1493968742,828.3000,828.9000,826.8000,826.8000,7100
1493969041,827.8500,828.3000,827.3000,828.1500,6300
1493969341,828.0500,828.3000,827.7000,827.9000,7000
1493969641,828.3000,828.8500,828.1500,828.3000,4800
1493969941,828.0000,829.8500,828.0000,828.8500,12600
1493970241,825.3500,827.9500,825.0000,827.9500,13600
1493970596,826.3500,826.4500,825.0000,825.2500,5500
1493970841,826.9000,827.4500,826.5000,826.5000,12300
1493971149,826.8000,827.0000,826.7000,826.9500,8200
1493971495,826.8000,827.0000,826.7500,826.7500,9800
1493971740,826.7500,827.3500,826.7000,826.9500,13400
1493972041,826.3500,827.0000,826.0500,826.7000,7800
1493972341,826.9500,827.0000,826.5000,826.5500,6500
1493972641,825.8500,827.1000,825.6000,827.0000,11700
1493972941,826.7000,827.4500,825.6000,825.9000,14300
1493973240,827.0000,827.4500,826.6500,826.8000,15600
1493973541,827.0000,827.4500,826.8500,826.9500,14400
1493973896,825.7500,827.0000,825.7500,826.9500,12100
1493974195,825.8500,826.3000,825.5500,826.1500,7500
1493974445,826.4000,826.5000,825.8500,826.0000,5600
1493974744,826.9500,826.9500,826.2000,826.4500,4500
1493975041,826.9500,827.4500,825.6500,826.9000,16500
1493975340,827.0000,827.0000,826.4500,826.9000,5700
1493975645,826.4000,827.1000,826.0000,826.9000,13200
1493975967,826.8500,827.0000,826.3000,826.3000,4100
1493976255,827.0000,827.2500,826.7000,826.9000,15000
1493976591,826.6000,827.0000,826.6000,826.9500,9300
1493976842,827.0000,827.0000,826.6000,826.9500,13100
1493977145,826.9500,827.0000,826.7000,826.9500,15500
1493977444,830.9500,831.0000,827.0000,827.0000,31600
1493977740,831.7000,832.0000,830.3000,830.7500,23000
1493978048,831.0000,831.7000,830.9000,831.5000,19700
1493978343,828.9500,830.9500,828.7000,830.9500,12700
1494215341,827.7500,830.0000,825.8500,828.1500,0
1494215640,829.3000,829.6000,826.2500,827.8000,11000
1494215945,832.1000,832.1000,829.1500,829.1500,28400
1494216240,832.0000,833.6500,831.8000,832.5500,16200
1494216540,830.4500,832.0000,830.2500,831.9500,4900
1494216846,831.2000,832.2500,830.4000,830.4000,8700
1494217141,829.5500,831.2000,829.1000,831.1500,5500
1494217443,828.0500,829.6000,826.7500,829.6000,9800
1494217798,828.5000,828.6500,827.3000,828.3500,4800
1494218095,828.5500,828.6500,828.4500,828.5500,3400
1494218343,829.4500,829.5000,828.6000,828.6000,3600
1494218651,829.2000,829.4500,829.1000,829.4000,3700
1494218943,828.3000,829.2500,827.9500,829.2500,4900
1494219240,828.5500,828.5500,828.1000,828.3500,3700
1494219541,828.7000,828.7500,828.5000,828.5000,2100
1494219841,828.8000,828.8500,828.7000,828.7500,1800
1494220196,829.1500,829.3000,828.8000,828.8500,2300
1494220442,829.0500,829.3000,829.0000,829.2000,5000
1494220741,829.2500,829.3000,829.0500,829.1000,1600
1494221040,829.9500,830.8500,829.2500,829.3000,16100
1494221344,830.2000,830.8000,829.8000,829.9000,6900
1494221640,830.2000,830.3500,830.1500,830.2500,1900
1494221941,829.9500,830.3500,829.7000,830.3000,5400
1494222241,829.6000,830.0000,829.4500,830.0000,3800
1494222540,829.9500,830.0000,829.6000,829.6500,1600
1494222841,831.0000,831.9000,829.9000,829.9000,4600
1494223199,830.9500,831.1500,830.5000,831.0500,2400
1494223441,830.7500,831.5000,830.7000,831.0000,4100
1494223752,831.4500,831.4500,829.8500,830.0500,2200
1494224040,831.9500,832.2000,830.7000,831.4000,5000
1494224341,834.0500,834.5000,831.9500,832.1000,8700
1494224641,832.0000,834.5000,831.9000,834.4500,5100
1494224941,833.6500,834.0000,832.0000,832.1000,2500
1494225241,831.8000,834.2000,831.8000,833.7000,6700
1494225541,833.1500,833.4500,831.8000,831.9500,3500
1494225849,833.8000,834.0000,833.3000,833.5500,3800
1494226141,833.0000,833.8500,832.8500,833.8500,2800
1494226441,832.4000,833.4000,832.3000,832.9000,3200
1494226741,832.9000,833.1000,832.2500,832.4500,4000
1494227093,832.7500,832.9500,832.5000,832.9500,2100
1494227347,832.5000,834.0000,832.4500,832.6500,4200
1494227641,832.4500,833.9000,832.3500,832.5500,3700
1494227948,832.5000,833.1500,832.3000,832.5000,1700
1494228241,832.2500,832.8000,832.0000,832.8000,3000
1494228540,831.0000,832.4000,830.4000,832.4000,3400
1494228898,832.8000,832.8500,831.2000,831.5000,3900
1494229141,834.0500,834.5000,832.8000,833.0000,11600
1494229441,835.5000,835.8000,834.0000,834.0000,17800
1494229740,835.4000,835.4000,835.0000,835.3500,14200
1494230040,835.2000,835.4000,835.1500,835.3500,4000
1494230340,835.0500,835.2000,835.0000,835.1500,11400
1494230642,835.3000,835.4000,835.0000,835.1000,7700
1494230941,835.3000,836.0000,835.0000,835.3500,52700
1494231241,836.5500,836.9000,835.3000,835.4500,9900
1494231540,837.0000,837.2000,836.6500,836.9500,7200
1494231841,838.8500,839.0000,837.2000,837.2000,27000
1494232143,839.0000,840.0000,838.6000,838.7000,24100
1494232440,839.0000,839.2500,838.4000,839.2500,7100
1494232741,838.9000,839.6500,838.8000,839.4000,9800
1494233093,837.9500,839.0000,837.6000,839.0000,5600
1494233344,837.8000,838.2500,837.6000,838.0000,5800
1494233640,837.8500,838.0000,837.8500,838.0000,2900
1494233940,837.8500,838.0000,837.7500,838.0000,2500
1494234241,837.6500,838.2500,837.5500,837.9500,6100
1494234541,837.9000,838.0000,837.6500,837.7000,6600
1494234842,837.3500,839.0000,836.7000,837.9500,24900
1494235140,837.1000,838.0000,836.9000,836.9500,22000
1494235441,837.8500,838.8000,837.1000,837.5500,19900
1494235741,837.5000,839.3000,837.0000,838.3000,24400
1494236043,838.0500,839.5500,837.6000,838.1500,29200
1494236399,841.5000,841.5000,838.5000,838.9000,38600
1494236641,840.1000,841.6000,840.0000,841.5500,30200
1494236940,840.3500,840.8500,840.0000,840.1500,29600
1494237240,840.0000,840.9000,840.0000,840.4500,32900
1494237542,841.4000,841.4000,840.0000,840.1500,33400
1494301740,840.4500,843.2500,840.0000,841.0500,0
1494302044,841.1500,841.1500,840.4500,840.5000,16400
1494302362,841.1500,841.5000,840.5000,841.2000,35400
1494302640,843.0000,843.6500,841.0500,841.2000,14500
1494302941,843.4000,843.9000,842.5000,842.9500,12100
1494303250,843.2500,843.5500,843.1500,843.4500,8900
1494303544,844.9500,845.0000,843.2500,843.3000,9000
1494303843,848.3500,848.3500,845.2000,845.2000,27700
1494304140,847.6000,848.8000,847.1000,848.5000,17300
1494304443,848.1000,848.5000,847.0000,847.0000,15900
1494304740,847.8500,848.1500,847.8000,847.8000,8600
1494305051,848.7500,849.0000,847.8500,847.9500,13300
1494305343,847.5000,849.0000,847.5000,848.7000,22400
1494305645,847.5000,847.8500,847.5000,847.6500,5800
1494305941,847.9000,848.0000,847.6500,847.7500,6200
1494306248,848.1500,848.1500,847.9000,847.9500,4100
1494306541,847.9000,848.1500,847.9000,848.1000,9900
1494306895,848.2000,848.2000,847.9500,847.9500,2600
1494307141,848.9500,849.0000,848.1000,848.1000,5400
1494307449,849.3500,849.4000,848.9000,849.0000,4000
1494307743,851.9000,851.9000,849.3500,849.4000,23200
1494308047,852.4500,852.7500,851.8000,851.8000,14000
1494308347,852.7000,852.9000,852.5000,852.5000,20800
1494308654,852.6000,852.8000,852.6000,852.7500,4400
1494308998,853.1000,853.2000,852.6500,852.6500,6700
1494309244,853.7000,853.9000,853.0000,853.0500,9300
1494309549,854.2000,854.4000,853.5500,853.7500,14900
1494309841,854.5000,854.8500,854.2000,854.2500,9900
1494310198,852.1000,854.5500,850.5000,854.5500,11700
1494310444,852.7500,853.0000,851.2000,852.1500,6400
1494310740,852.9500,853.0000,852.6500,852.7000,6600
1494311040,852.7000,852.8000,852.3500,852.8000,6800
1494311350,852.6000,853.0000,852.6000,852.7500,6700
1494311641,852.6000,852.7500,852.5500,852.5500,5500
1494311957,851.9000,852.9500,851.8500,852.7000,11500
1494312203,851.8500,852.0000,851.7500,851.9500,3100
1494312544,851.9500,852.0000,851.7500,851.9500,4000
1494312840,851.7500,851.9000,851.7500,851.9000,4800
1494313152,852.0000,852.2500,851.7000,851.8000,6700
1494313443,851.9500,852.1500,851.9500,852.0000,14000
1494313776,851.9000,852.0000,851.8500,851.9000,7100
1494313990,851.7500,852.0500,851.6500,852.0000,16800
1494314340,851.6000,851.7000,851.5000,851.6500,9700
1494314640,851.2500,851.7500,851.1000,851.5000,13000
1494314940,851.3000,851.4500,850.8000,851.1000,9300
1494315240,851.4000,851.6000,851.3000,851.3000,9900
1494315540,851.8500,852.0000,851.4000,851.5500,10200
1494315840,852.7500,852.8500,851.8500,851.9000,11200
1494316140,853.3000,853.4000,852.6500,852.7000,6400
1494316441,853.2000,853.3500,853.1500,853.3500,7300
1494316741,853.2000,853.3000,853.1000,853.2500,7400
1494317040,853.4500,853.8000,853.2000,853.3000,8800
1494317340,854.3500,854.5000,853.4500,853.5500,10700
1494317640,854.2500,854.6500,854.2500,854.4000,10400
1494317997,854.4000,854.5000,854.1000,854.3500,7800
1494318240,854.2500,854.4500,854.2000,854.4500,7500
1494318540,852.7000,854.5000,852.6500,854.4000,11000
1494318840,852.9500,853.8500,852.5500,853.5000,7500
1494319140,853.0000,853.5000,852.9000,853.4500,7000
1494319440,852.0000,853.7000,851.4500,853.7000,13100
1494319795,851.4500,852.3500,850.9500,851.8000,7900
1494320095,851.3500,851.9500,851.0000,851.6500,7100
1494320340,850.8500,851.5000,850.2000,851.5000,8600
1494320698,850.2500,851.2500,850.2500,851.2500,8600
1494320940,849.8000,850.6500,848.7500,850.6000,16600
1494321240,850.0000,850.1000,849.9000,849.9500,9200
1494321541,850.0000,850.2000,849.0000,850.2000,11900
1494321896,849.0500,850.0000,849.0000,849.8500,11000
1494322140,849.7500,850.0000,849.3000,850.0000,6400
1494322441,849.7500,850.2000,849.7000,850.0000,16300
1494322741,849.8500,850.0000,849.7000,849.9000,20900
1494323040,849.9000,850.6500,849.7000,850.0000,26400
1494323341,849.7500,850.3500,849.3000,849.7500,21700
1494323643,849.5000,850.3000,849.4000,849.8500,37200
1494323941,849.0000,849.9000,848.3000,849.4000,13900
1494388140,848.5000,849.4000,846.9500,848.7500,0
1494388441,849.0500,850.9000,847.3500,848.5500,30800
1494388743,845.4000,849.0000,845.2500,849.0000,26800
1494389043,844.2000,845.4000,842.0500,845.3000,18500
1494389344,842.7500,845.0000,842.2000,844.0000,10600
1494389644,843.5000,844.8000,841.5500,842.8000,10000
1494389943,841.0500,844.2500,841.0000,843.1000,13600
1494390296,844.4000,844.4000,841.1500,841.1500,8100
1494390557,845.3000,845.8500,844.0500,844.0500,8400
1494390898,842.4500,845.8000,841.4500,845.2500,9500
1494391140,842.6000,842.8500,841.3000,841.6500,11300
1494391444,840.8000,843.0000,840.4500,842.7000,13600
1494391741,842.0000,842.0000,840.6000,841.0000,9300
1494392048,843.4500,843.9500,841.8500,841.8500,8700
1494392340,842.8000,844.0000,842.8000,843.8000,7800
1494392649,842.6500,843.7000,842.5500,843.2500,6400
1494392941,843.5000,843.9000,842.6500,843.0000,4400
1494393243,843.2500,843.5000,842.9500,843.4500,5300
1494393567,842.9500,843.4000,842.4500,843.1000,6000
1494393856,843.1000,843.4500,842.7000,842.8000,5100
1494394152,842.7500,843.9500,842.7500,843.4500,6300
1494394461,842.9000,843.3500,842.6000,843.3500,2900
1494394744,843.1000,844.0000,842.8000,842.8000,5400
1494395098,843.7500,843.9500,842.7000,843.6000,5000
1494395348,844.3500,844.7500,843.5000,843.5000,5000
1494395642,843.2500,847.4000,843.2500,844.9000,14500
1494395945,845.1500,845.3500,843.5500,843.5500,1600
1494396299,844.2000,845.8500,844.1000,845.2000,4700
1494396520,844.5500,844.7500,843.9500,844.1000,700
1494396840,844.8000,845.9000,844.3000,844.6500,7100
1494397143,845.3000,845.5000,844.6000,844.6000,2600
1494397443,845.6500,845.8000,844.5500,845.3500,4500
1494397747,845.5000,846.4500,844.6000,845.7500,6700
1494398042,844.9500,845.4500,844.5000,845.4500,3100
1494398364,844.8000,845.0000,844.3000,844.8500,3800
1494398658,844.8000,845.0000,844.2500,844.7000,2500
1494398997,843.6000,845.0000,843.1000,844.6500,4800
1494399244,843.0000,843.7500,842.2000,843.0000,7500
1494399542,842.7500,844.2500,842.5000,842.8500,3700
1494399898,842.7500,842.9000,842.0000,842.6500,4700
1494400152,842.8000,843.7000,842.3000,842.4500,4700
1494400497,842.4500,843.7500,841.5500,843.5000,5500
1494400753,842.3500,842.3500,841.3500,842.2000,3300
1494401043,839.3000,842.3500,839.2500,842.3500,15700
1494401340,840.6000,840.9500,838.2000,839.4000,7900
1494401698,840.1000,841.6000,838.1000,839.2500,10800
1494401943,841.0000,841.0000,839.3000,839.9500,2000
1494402240,840.4500,841.6000,839.7000,840.9500,9200
1494402559,841.2500,841.4000,840.2500,840.2500,4000
1494402898,840.9500,841.4000,840.7000,841.2000,3900
1494403145,839.9500,840.8000,839.1000,840.7000,8200
1494403442,840.2500,841.0000,839.2000,839.9000,5200
1494403741,840.4000,841.0000,839.7500,840.0000,3900
1494404084,841.4000,841.5000,840.3500,840.5000,4200
1494404351,839.9500,841.3500,839.9500,841.3500,4300
1494404667,840.1500,840.5000,839.8000,840.0500,1300
1494404959,840.8500,841.0000,840.1000,840.4000,3100
1494405252,841.6500,841.9000,840.9000,841.0000,9500
1494405588,841.7500,841.8000,841.0500,841.8000,4100
1494405843,841.8000,841.9500,840.5000,841.8000,8000
1494406143,841.0000,842.0000,840.8000,841.9000,8700
1494406499,840.8000,841.5000,839.6500,840.9500,7900
1494406770,840.5000,841.5000,840.4500,840.9000,11600
1494407099,840.9000,841.2500,840.0000,841.0500,9500
1494407347,841.5000,841.8500,840.0000,840.6500,7600
1494407649,839.7000,841.7500,839.5500,841.4500,10900
1494407957,840.0000,840.6500,839.5500,839.6000,6200
1494408257,842.7500,842.7500,839.5000,840.3000,8100
1494408540,841.5000,842.9500,840.3000,842.7000,14000
1494408840,843.8000,843.9500,841.4500,841.4500,28100
1494409149,844.8000,845.0000,842.9500,843.8500,29400
1494409441,845.5000,845.5000,844.8500,845.0000,34000
1494409799,845.8500,846.5000,844.1000,845.5500,53700
1494410040,839.9500,845.9500,839.9500,845.8000,49000
1494410340,841.2000,842.0000,838.3000,839.9000,25300
1494474540,853.5000,858.0000,852.5000,857.0000,0
1494474847,854.8500,855.0000,850.4000,853.5500,106100
1494475140,852.7500,855.0000,851.6000,855.0000,193500
1494475441,846.0000,852.9000,845.6500,852.9000,156900
1494475740,848.0000,849.0000,846.0000,846.0500,60100
1494476040,847.0000,848.0000,843.6500,847.6000,54200
1494476340,844.2000,847.3000,844.0000,846.9500,58400
1494476640,841.7000,845.3000,841.6000,844.3000,85700
1494476940,844.4000,844.9500,841.2000,841.8000,54500
1494477299,845.0500,846.7500,843.6000,844.9000,64200
1494477544,844.2500,846.1500,843.5000,845.2000,61100
1494477847,843.0000,845.0000,842.8500,844.5500,28000
1494478142,843.5000,843.9000,842.0000,842.9000,27900
1494478443,842.5000,843.2500,841.6500,843.2000,30900
1494478741,840.5000,843.0000,839.0500,842.4000,105900
1494479041,840.1000,841.0000,839.5500,840.6500,44700
1494479340,841.5000,842.0000,840.2500,840.5000,26700
1494479640,842.6000,843.4500,841.1000,841.1000,23200
1494479941,842.1000,843.5000,842.0500,843.0000,23800
1494480248,841.0000,842.1000,840.1000,842.0500,22500
1494480541,841.4000,842.7000,840.5500,840.7000,17900
1494480841,842.5500,842.7000,841.2000,841.2000,14400
1494481141,843.0000,843.5000,842.0000,842.4500,38800
1494481440,841.9000,843.0000,841.6000,842.7000,24500
1494481741,842.3000,842.7000,841.5000,841.8500,14700
1494482048,842.2500,842.5000,841.5000,842.5000,23300
1494482344,841.9500,842.2000,841.1500,842.2000,26700
1494482640,841.0000,842.2000,840.9500,841.7000,45300
1494482942,840.1500,841.7000,839.5000,840.9000,54500
1494483242,840.6000,841.0000,839.7500,840.2000,28400
1494483541,840.0000,841.1500,839.8000,840.5000,25900
1494483898,839.8500,840.4500,839.2500,840.0500,17900
1494484141,839.8500,840.2500,839.7000,839.7000,16200
1494484498,840.0000,840.2500,839.3000,840.0000,25500
1494484744,838.3500,840.0000,838.3500,839.9500,37200
1494485040,837.5500,839.0000,836.2500,838.5500,76000
1494485340,837.8000,838.7500,837.0000,837.6500,23900
1494485640,837.1500,837.7000,837.0000,837.6000,25000
1494485942,837.2000,838.0000,836.7500,837.3500,20000
1494486240,838.0000,839.4000,837.0000,837.4000,37000
1494486542,838.1000,839.3500,837.1000,837.7500,25400
1494486846,837.2500,838.7000,837.0000,838.7000,16900
1494487142,836.2500,837.8000,836.2500,837.3500,25700
1494487498,837.5000,837.8000,836.2000,836.3500,20600
1494487740,837.5000,837.9000,836.4000,837.2000,24000
1494488099,836.7000,837.7500,835.7500,837.7500,41600
1494488343,836.3500,837.4500,836.0000,836.6000,25800
1494488699,836.6500,837.5000,836.0000,836.2500,25000
1494488944,836.0500,838.0000,836.0000,836.9500,49500
1494489241,836.0000,836.8000,835.6000,836.1000,27700
1494489540,836.7500,837.0000,835.6000,835.8000,36000
1494489898,836.4000,836.9000,835.8000,836.9000,20400
1494490140,838.0500,839.2000,836.2500,836.3000,30900
1494490440,838.0000,839.2000,836.7500,838.0000,21600
1494490742,837.6500,838.0000,836.7500,837.9500,20300
1494491043,839.1500,839.5000,837.3000,837.5000,32100
1494491341,839.3500,839.5000,838.2000,839.3500,17200
1494491642,839.1000,839.5000,838.1500,839.2500,15000
1494491941,840.1000,841.3000,839.0500,839.0500,48800
1494492298,839.0000,840.4500,838.3000,840.1500,26400
1494492543,838.6000,839.2000,838.5000,838.6500,14900
1494492898,839.5000,839.5000,838.2000,838.4000,24100
1494493141,839.8000,840.0000,839.2000,839.4500,29700
1494493444,839.3500,839.9500,839.0000,839.7500,28000
1494493741,839.6500,839.8000,838.7500,839.3000,32800
1494494043,838.9500,839.8000,838.8000,839.8000,31300
1494494340,838.4500,839.5000,838.0500,838.9000,21200
1494494643,837.8500,838.5000,837.0000,838.3500,36000
1494494942,837.3000,838.0000,836.5500,838.0000,21800
1494495240,837.9000,838.0000,836.9000,837.3500,61100
1494495540,838.7000,838.8000,837.5500,837.8500,77100
1494495847,838.5000,838.8500,837.3000,838.6500,96600
1494496140,839.2500,839.4000,837.3500,838.6500,92000
1494496444,839.6000,839.6000,838.4000,839.1500,102200
1494496741,842.5000,843.0000,838.3500,839.0000,89700
1494560940,843.4500,845.0000,839.1500,839.9500,0
1494561242,844.6000,845.3000,841.5000,843.0000,66100
1494561540,847.1000,847.7500,843.5000,844.7000,49400
1494561888,846.5000,847.5000,846.0000,847.2000,27200
1494562141,847.6000,848.0000,846.5500,846.8500,35000
1494562498,847.6000,848.0000,847.5500,847.6500,25700
1494562743,845.2500,847.4500,843.8000,847.2500,44100
1494563040,844.0500,845.5500,844.0000,845.1000,13000
1494563348,845.2500,845.9000,843.9500,844.5000,12700
1494563641,845.3000,846.3500,844.5500,845.6500,12000
1494563946,845.5000,846.2500,845.0000,845.7500,57300
1494564248,846.0000,846.3000,845.5000,845.7000,12300
1494564548,846.0000,846.6000,845.5000,846.0500,21900
1494564840,845.3500,846.2500,845.0500,846.2500,12400
1494565140,845.6000,845.7500,845.0000,845.6000,10400
1494565440,845.0500,845.8000,845.0000,845.5500,11200
1494565740,845.3500,845.7000,845.0000,845.4500,13600
1494566041,845.5500,846.6000,845.2000,845.5500,12500
1494566340,845.8500,846.0000,845.0000,845.9500,13400
1494566640,845.1000,846.0000,845.1000,845.9000,8600
1494566944,845.9000,845.9000,845.0000,845.2500,15500
1494567240,844.1500,845.7000,844.0500,845.7000,30300
1494567540,842.2000,844.6500,841.0000,844.3500,26200
1494567848,840.3000,842.7000,840.3000,842.1000,21400
1494568141,842.8500,843.4500,841.2000,841.2000,34000
1494568444,841.2500,843.1500,841.0000,842.8000,11200
1494568741,840.5000,841.9500,840.5000,841.8000,15300
1494569043,840.7000,841.4500,840.4000,840.6000,15600
1494569340,840.5000,841.2000,840.0000,840.6500,17000
1494569641,840.1500,841.1000,840.0000,840.1000,32700
1494569940,840.2500,840.8000,840.0000,840.1000,23400
1494570242,840.1000,840.5000,839.5500,840.1000,21300
1494570542,840.1500,840.2000,839.6000,839.8500,17600
1494570842,841.1500,841.2500,840.0000,840.0000,10900
1494571142,842.1000,842.5000,840.5000,841.2500,25700
1494571442,843.8000,844.5000,842.0500,842.4000,30100
1494571798,843.7000,843.9000,842.9500,843.5000,17900
1494572040,843.4500,843.9500,843.1000,843.9500,12800
1494572342,842.5500,843.9000,841.1000,843.5500,18700
1494572642,842.2000,843.3000,841.1000,842.0500,14100
1494572941,841.7500,842.7000,841.2500,842.2500,14500
1494573241,842.1000,843.5000,841.8000,842.0000,12800
1494573543,842.5500,842.9500,841.9500,842.4000,11800
1494573841,842.9000,843.5000,842.2500,842.8000,12300
1494574142,843.4500,843.7000,842.3000,842.6000,8800
1494574443,843.0500,843.5000,843.0500,843.3500,14200
1494574740,843.4500,843.5000,843.0500,843.1000,11000
1494575042,843.5000,843.7000,843.1000,843.5000,13300
1494575343,845.6500,845.9500,843.3500,843.3500,24400
1494575640,845.8500,846.4000,845.1000,845.6000,21300
1494575943,846.3000,846.5000,845.6000,845.6000,13300
1494576241,846.5000,846.6000,846.0000,846.4500,12900
1494576541,847.2000,847.2000,846.3000,846.4500,19100
1494576840,847.3000,848.0000,847.0000,847.5000,19600
1494577142,847.2500,847.5000,846.9500,847.4500,22500
1494577442,846.3000,847.3500,846.0000,847.3500,16700
1494577740,845.2000,846.5000,845.0500,846.5000,22300
1494578041,844.8500,845.5000,844.5500,845.4500,15300
1494578342,845.8500,846.0000,844.7000,844.9500,6400
1494578643,845.6000,846.4000,845.3000,846.0000,8100
1494578940,845.7000,846.0000,845.1500,845.9000,14400
1494579242,845.9000,846.2000,845.4000,845.5000,11700
1494579542,845.8500,846.0000,845.6000,845.8500,8200
1494579841,845.6500,846.0000,845.4000,845.9000,10700
1494580140,845.8500,846.0000,845.5000,845.9000,11000
1494580451,845.9500,846.0000,845.6500,845.6500,9500
1494580742,845.3500,846.0000,845.0000,845.9000,13000
1494581099,845.3000,845.6500,845.0000,845.4000,9100
1494581343,844.7000,845.4500,843.6500,845.0000,13500
1494581641,847.2000,847.4500,844.6000,845.0000,30100
1494581998,847.9500,848.0500,847.2000,847.4000,41300
1494582243,848.0000,848.0000,847.5000,848.0000,44300
1494582541,847.7000,848.0000,847.0500,847.9500,37100
1494582840,848.0000,848.0000,847.4500,847.8500,49300
1494583140,847.7500,848.0000,847.5000,847.9000,22600
1494820143,847.4000,849.8500,846.7500,848.5500,0
1494820450,846.6500,848.1000,846.3000,847.0000,11900
1494820744,846.5000,846.5000,845.2500,845.7500,16100
1494821051,845.9000,846.9000,845.0000,846.0500,9200
1494821340,848.2500,848.3000,846.0000,846.0000,11800
1494821650,847.3500,848.8500,847.3500,848.6500,7300
1494821941,847.2000,847.6500,847.0000,847.5000,4100
1494822240,846.6000,847.9000,846.2500,847.7000,5700
1494822540,848.0000,848.0000,846.3500,846.7500,29700
1494822843,848.1500,848.5000,847.5000,847.8000,9000
1494823141,848.0000,848.5000,847.6000,848.0000,6300
1494823440,847.6000,848.0000,847.6000,847.7500,5700
1494823766,847.8500,848.5000,847.7000,847.8500,6200
1494823986,848.3500,848.9500,848.0000,848.0000,5000
1494824365,847.7500,848.5000,847.6000,848.5000,6100
1494824640,847.6000,848.0000,847.6000,847.9500,2000
1494824953,847.2500,847.7500,847.1000,847.7500,1700
1494825242,847.4500,847.5000,847.1500,847.4000,1500
1494825597,846.2500,847.5000,846.2500,847.5000,3100
1494825845,846.7500,847.0000,846.0000,846.2000,4100
1494826151,846.7000,847.0000,846.5000,846.5000,800
1494826481,847.3000,847.4000,846.5000,846.5000,1300
1494826787,847.6500,848.0000,847.0500,847.1500,3900
1494827041,848.0000,848.1000,847.4500,848.0000,16400
1494827343,847.5500,848.0000,847.4500,847.4500,6400
1494827670,847.7500,848.4500,847.5500,847.6000,14700
1494827943,847.8000,848.2500,847.5500,848.0000,14800
1494828243,848.0000,848.0000,847.5500,847.7000,2900
1494828540,848.0500,848.0500,847.5000,848.0000,12600
1494828897,847.3500,848.2500,847.3500,848.2500,4800
1494829151,847.3000,848.0000,847.2500,847.6500,2000
1494829443,847.0500,847.4500,847.0500,847.4500,1900
1494829750,845.9000,847.4500,845.5500,847.4500,4000
1494830047,847.0000,847.0000,845.5500,845.6000,3800
1494830340,846.9000,847.5000,846.7000,847.2500,3000
1494830668,846.4000,847.5000,846.1000,847.0000,13900
1494830963,846.5500,847.0000,846.2500,846.5000,1900
1494831249,846.5000,847.0000,845.5000,847.0000,3800
1494831558,847.0000,847.0000,846.1000,846.1000,2500
1494831867,846.8000,847.7000,846.4500,846.7000,1300
1494832143,847.9000,847.9000,846.6500,847.0000,2300
1494832462,848.0000,848.0000,847.3500,847.8500,5400
1494832744,848.2500,848.5000,847.6500,848.2500,8600
1494833047,848.4500,849.0000,848.1500,848.2000,3500
1494833396,847.9500,848.8000,847.5500,848.8000,3600
1494833640,847.7000,848.5000,847.7000,848.0000,7100
1494833945,848.5500,848.5500,847.6500,847.6500,3400
1494834184,848.7000,848.9500,848.2000,848.4500,4200
1494834546,848.8500,848.9500,848.3500,848.5000,4400
1494834876,848.5500,849.0000,848.5500,848.9500,5500
1494835156,847.3000,849.1000,847.0000,848.9500,17300
1494835443,848.2500,848.6000,847.6500,848.0000,8500
1494835750,848.8000,848.8000,848.0000,848.0500,6900
1494836040,848.0000,849.1500,848.0000,848.7500,9100
1494836340,847.7500,848.3500,847.7500,847.8000,3300
1494836641,849.1000,849.4500,847.6500,847.6500,10200
1494836892,847.6000,849.0500,847.6000,849.0000,6100
1494837241,846.8000,848.0000,846.3000,848.0000,4200
1494837542,847.4000,847.5000,846.5000,846.8500,5500
1494837845,847.0000,847.4500,846.6000,847.4500,2300
1494838149,847.6000,847.6000,846.6500,846.7000,3500
1494838440,849.1000,849.4000,847.4000,847.6500,9800
1494838743,847.8500,849.0500,847.6000,848.3000,13400
1494839049,848.1000,848.9500,847.6500,847.6500,5800
1494839345,848.5500,849.2000,848.0000,848.1500,13100
1494839699,848.6000,849.0500,848.0000,848.8000,5300
1494839941,848.7500,849.2000,848.6500,849.0000,6200
1494840242,848.9500,848.9500,848.6500,848.6500,9700
1494840598,849.8000,849.9500,849.1000,849.1000,25400
1494840861,849.7500,849.9000,849.6500,849.8500,13600
1494841141,849.2000,850.0000,848.9500,849.7000,32700
1494841442,847.8500,849.0000,846.9000,849.0000,31200
1494841741,848.5500,849.0000,847.7500,847.9000,35800
1494842040,848.0000,849.5000,847.1000,848.4000,41500
1494842340,847.0000,848.3500,847.0000,848.0500,21700
