1492746540,273.1000,273.7000,272.3000,272.5000,909700
1492746840,273.3000,273.4000,272.9000,273.1500,236600
1492747141,272.9500,273.6000,272.7000,273.3500,226400
1492747440,272.7500,273.0500,272.4500,273.0500,171100
1492747799,273.0500,273.3000,272.6000,272.7000,127200
1492748040,272.4000,273.2000,272.2500,273.1500,175500
1492748340,272.4000,272.6000,272.2500,272.5000,162100
1492748641,272.8000,272.8500,272.3000,272.4500,135800
1492748942,272.7500,272.9500,272.7000,272.8500,75400
1492749240,272.8000,272.9000,272.6500,272.9000,77900
1492749542,272.5500,272.8500,272.5500,272.7500,51800
1492749840,272.5000,272.6000,272.3000,272.5000,85900
1492750140,272.4500,272.6000,272.3000,272.3500,61800
1492750440,272.2000,272.6000,272.1500,272.5000,105900
1492750742,272.3500,272.4500,272.1500,272.2500,72700
1492751041,272.3500,272.6000,272.2000,272.2000,49800
1492751340,272.4000,272.4500,272.2000,272.3000,29900
1492751644,272.4500,272.5500,272.3000,272.4500,32200
1492751940,272.5500,272.7500,272.3000,272.4000,60600
1492752244,272.6000,272.6500,272.4000,272.6000,56700
1492752541,272.7500,272.8000,272.5000,272.5500,61000
1492752899,272.5000,272.7500,272.3000,272.6500,132100
1492753147,272.3500,272.6000,272.1500,272.4000,107900
1492753498,272.4000,272.5000,272.2000,272.3000,47200
1492753740,272.3500,272.5000,272.2500,272.4500,63000
1492754097,272.3000,272.3500,272.2000,272.3000,133100
1492754344,272.2500,272.3000,272.2000,272.2500,116100
1492754648,271.0500,272.3500,271.0000,272.2000,428200
1492754963,271.4500,271.5000,270.9500,271.1000,220900
1492755245,271.4000,271.6000,271.1000,271.4000,128200
1492755542,271.4000,271.5000,271.2000,271.3500,90500
1492755841,271.3000,271.4000,271.1500,271.3000,114900
1492756141,271.3000,271.4000,271.1500,271.4000,95200
1492756443,271.0000,271.3000,270.8000,271.1500,206900
1492756741,270.9500,271.0500,270.3500,270.9500,219000
1492757099,270.0000,271.0000,269.8000,271.0000,710800
1492757341,269.5000,270.0500,269.2500,270.0500,217800
1492757649,269.5000,269.7000,269.4000,269.5500,160600
1492757940,269.1000,269.7500,269.0000,269.5500,259800
1492758248,269.5000,269.6000,269.1000,269.1500,195000
1492758542,269.7500,269.9000,269.4000,269.4000,122000
1492758841,269.6000,269.9000,269.5000,269.8000,82300
1492759140,269.5500,269.6000,269.4000,269.6000,78200
1492759442,268.8000,269.5500,268.4000,269.5000,234300
1492759744,268.5000,269.0500,268.1500,268.9000,225300
1492760041,269.0000,269.0000,268.0500,268.5000,186800
1492760342,268.7000,269.0000,268.5500,268.9500,119100
1492760641,268.5000,268.9500,268.5000,268.7500,126600
1492760940,269.1000,269.2000,268.3500,268.5500,332900
1492761241,269.1500,269.2500,268.6000,269.1500,195800
1492761540,268.9000,269.2000,268.7000,269.2000,132300
1492761841,269.4500,269.4500,268.7000,268.8500,145000
1492762141,269.4500,269.5500,269.0500,269.4000,156000
1492762440,268.7000,269.5000,268.6000,269.4000,235900
1492762742,268.6000,269.0500,268.5500,268.7500,226500
1492763041,268.5500,268.7000,268.1500,268.5500,601700
1492763344,268.0000,268.6000,267.8500,268.6000,442100
1492763640,267.2000,268.1500,267.2000,267.9500,453400
1492763942,267.5000,267.7500,267.0500,267.2500,288900
1492764243,267.4000,267.8500,267.3000,267.5500,396900
1492764540,267.8000,267.8500,267.3000,267.5500,192200
1492764843,268.2000,268.3000,267.8000,267.8500,170700
1492765142,268.4000,268.5000,267.9000,268.2500,269800
1492765446,268.3500,268.5500,268.0000,268.4500,401500
1492765742,268.5000,268.5000,268.2000,268.3000,233200
1492766042,268.5500,268.8000,268.3500,268.5500,228700
1492766341,268.4000,268.5500,268.1500,268.5000,196100
1492766641,268.4500,268.5500,268.3000,268.5000,142800
1492766940,269.2000,269.2500,268.4000,268.5000,320500
1492767241,268.9500,269.6000,268.8000,269.1500,433500
1492767540,269.0500,269.1000,268.3000,268.9000,416700
1492767842,269.2500,269.4000,268.7500,269.1000,537100
1492768141,269.2500,269.3500,268.6500,269.3000,540400
1492768440,269.3000,269.6000,269.2000,269.2000,666700
1492768740,269.1000,269.3000,269.0000,269.2500,351800
1492768800,269.0500,269.0500,269.0500,269.0500,0
1493005743,268.8000,270.7000,268.6000,270.7000,0
1493006040,268.6000,269.0000,267.8500,268.8500,245100
1493006341,268.5500,268.7500,268.1000,268.5000,137400
1493006641,268.4000,268.6500,268.0500,268.6000,95000
1493006942,268.5000,268.6000,268.0500,268.3500,270900
1493007240,268.5500,268.6500,268.2000,268.5500,219700
1493007540,269.2000,269.2000,268.3500,268.6000,144100
1493007840,269.4000,269.4000,269.0000,269.1000,124300
1493008197,269.2500,269.6000,269.2000,269.2500,367400
1493008441,269.3500,269.7000,269.1000,269.3000,105200
1493008741,268.4500,269.4000,268.2000,269.3000,140200
1493009040,268.6000,268.7000,268.4000,268.4000,95000
1493009340,268.2000,268.6000,268.0500,268.5500,85400
1493009640,268.0500,268.4000,268.0000,268.2500,164700
1493009941,267.1000,268.1000,267.0000,268.1000,379900
1493010240,266.9000,267.1500,266.7500,267.0000,233300
1493010540,266.8000,267.1000,266.8000,266.8500,216300
1493010845,266.1000,266.8500,265.9000,266.8500,430200
1493011149,266.1500,266.2500,265.8500,266.0500,221000
1493011440,266.5500,266.6000,266.0000,266.0500,190700
1493011744,266.8000,266.9500,266.4500,266.5000,169600
1493012043,266.5000,266.8500,266.4500,266.7500,125000
1493012349,266.3000,266.5500,266.2000,266.5500,162200
1493012640,266.1500,266.3500,266.1500,266.2500,140800
1493012940,266.0000,266.3500,265.8500,266.2000,187800
1493013240,265.8000,266.0000,265.7500,265.9500,152400
1493013542,265.5000,266.3000,265.3500,265.7500,432600
1493013844,265.9500,266.0000,265.2000,265.4500,235200
1493014141,265.5000,265.9000,265.3000,265.7000,213500
1493014440,265.4500,265.7000,265.2000,265.4000,192800
1493014740,265.8500,265.9000,265.3500,265.3500,185000
1493015041,265.7000,265.8500,265.4000,265.8500,123500
1493015342,265.9500,266.2000,265.6000,265.6500,132600
1493015641,266.2500,266.3500,265.8500,265.8500,241700
1493015945,266.5000,266.8000,266.2000,266.2000,308600
1493016242,266.3500,266.6000,266.3000,266.4500,205800
1493016542,266.8500,267.0000,266.0500,266.3000,390000
1493016840,267.5000,267.5000,266.8000,266.9000,400300
1493017143,268.0000,268.1500,267.2500,267.5500,1552900
1493017443,269.0500,269.4000,267.7000,267.8500,659400
1493017740,268.7000,269.8000,268.6000,269.2000,575200
1493018041,269.8500,269.8500,268.5000,268.7500,457700
1493018348,269.2500,269.8500,269.0000,269.8000,359700
1493018641,268.9500,269.3500,268.8500,269.3000,230600
1493018942,268.3000,269.1500,267.7500,269.0500,251300
1493019240,267.8000,268.4000,267.7500,268.4000,214100
1493019540,268.3000,268.3500,267.8000,267.9500,166700
1493019841,268.6500,268.7000,268.0500,268.3500,179100
1493020199,268.9000,269.1000,268.6000,268.6000,196900
1493020440,269.1000,269.3000,268.5000,268.9500,197200
1493020740,269.0000,269.2000,268.8000,269.0500,160500
1493021040,269.3000,269.6000,269.0000,269.0500,278500
1493021340,269.2000,269.5000,269.0500,269.2500,205400
1493021640,270.0000,270.2500,269.0500,269.2500,544200
1493021941,270.9000,271.0000,269.8000,269.9500,587400
1493022299,270.0000,271.3500,270.0000,270.9500,381100
1493022542,270.2500,270.5500,269.8000,270.1000,218400
1493022899,269.8000,270.1500,269.2000,270.1500,194600
1493023141,269.6500,270.2000,269.5000,269.8500,180300
1493023499,269.8000,269.9000,269.5000,269.7000,154700
1493023740,269.5500,269.9000,269.5000,269.8500,160900
1493024040,269.7000,270.0000,269.5500,269.6000,156400
1493024341,268.2000,269.7500,268.1000,269.6500,938600
1493024641,268.1500,268.5500,267.6000,268.3000,421300
1493024941,268.4500,268.7000,268.1000,268.2000,239500
1493025243,268.6500,268.7000,268.2500,268.5000,225200
1493025540,268.2000,269.0000,268.0000,268.6000,400700
1493025840,268.0000,268.2000,267.8000,268.1500,324300
1493026140,268.5000,268.6500,267.8500,267.9000,301500
1493026440,268.8000,269.0000,268.4000,268.6000,339900
1493026741,268.9000,268.9500,268.5500,268.7000,302200
1493027040,268.4500,269.2000,268.4000,269.0000,459700
1493027340,268.0000,268.7000,267.8000,268.5000,731400
1493027640,268.9500,269.1500,267.8500,268.0500,559100
1493027941,269.5500,269.5500,268.8000,269.0000,407900
1493028000,269.3500,269.3500,269.3500,269.3500,200
1493092140,271.7500,272.2000,271.3000,271.8500,0
1493092440,271.6000,271.8500,271.5500,271.8500,217100
1493092742,270.9000,271.8000,270.5500,271.7500,212600
1493093040,270.1000,270.9000,270.0500,270.8500,128700
1493093341,270.7500,270.9000,270.0000,270.0000,160000
1493093640,271.2500,271.4000,270.5000,270.6500,172600
1493093940,272.2000,272.3000,271.1500,271.2000,299100
1493094240,272.8000,273.1500,271.9500,272.1000,510500
1493094544,272.2500,272.8500,271.9500,272.7500,208800
1493094899,271.9500,272.4000,271.8000,272.3000,814000
1493095199,272.2500,272.4500,271.8500,271.9000,101800
1493095447,272.3000,272.4500,272.1500,272.2000,93500
1493095740,271.9500,272.2500,271.8000,272.2500,160500
1493096047,272.1000,272.2500,271.8500,272.0000,83000
1493096343,271.2000,272.1000,271.0000,272.0500,252800
1493096646,271.9500,271.9500,271.2000,271.2500,50800
1493096999,272.1500,272.3000,271.8000,271.9000,97600
1493097241,271.7500,272.3000,271.7500,272.0500,65400
1493097541,271.7000,271.9500,271.6500,271.8000,52000
1493097843,271.6000,271.8000,271.5000,271.6500,69600
1493098140,271.5000,271.6500,271.4500,271.5500,59200
1493098441,271.8000,271.8000,271.4500,271.4500,45600
1493098747,271.7500,272.0000,271.6500,271.7000,73300
1493099041,271.7000,271.7500,271.6000,271.7000,40400
1493099341,271.8000,271.9500,271.7000,271.8000,43300
1493099640,271.8000,271.8500,271.6000,271.7500,42400
1493099940,271.7500,271.8500,271.5000,271.7500,174500
1493100241,271.6000,271.8000,271.5000,271.6000,203100
1493100541,271.5000,271.6500,271.5000,271.6500,132200
1493100898,271.5000,271.7500,271.4000,271.6500,93300
1493101143,271.5500,271.6000,271.3000,271.5500,112400
1493101441,271.3500,271.7000,271.3000,271.5000,109700
1493101750,271.5000,271.5500,271.3000,271.4000,39400
1493102040,271.6000,271.6500,271.3500,271.4500,54700
1493102344,271.5500,271.6500,271.4500,271.6500,70800
1493102640,271.4500,271.7000,271.4500,271.5000,155500
1493102947,271.7000,271.7000,271.3000,271.4000,83600
1493103241,271.6000,271.7500,271.4000,271.6500,80900
1493103545,271.6000,271.7000,271.4500,271.4500,94800
1493103845,271.5500,271.6000,271.1500,271.5500,99100
1493104140,271.8500,271.9000,271.5000,271.5000,161200
1493104441,272.0500,272.3500,271.8000,271.9000,137400
1493104790,272.1000,272.1000,271.8000,272.0500,103400
1493105047,272.0500,272.1500,271.9000,272.0000,97500
1493105342,272.0000,272.0500,271.8000,272.0000,87900
1493105640,272.0000,272.0500,271.8500,272.0000,88200
1493105942,272.2000,272.2500,272.0000,272.0500,134800
1493106245,271.9000,272.2000,271.8000,272.1500,88600
1493106540,271.2000,271.9500,270.7000,271.8500,371000
1493106846,271.2000,271.6000,270.9500,271.2500,154800
1493107143,270.7000,271.2500,270.3000,271.1500,154700
1493107453,270.8000,271.0000,270.5500,270.8000,121800
1493107744,270.3000,270.9500,270.0500,270.9500,182700
1493108040,270.7500,270.8000,270.2000,270.2000,94400
1493108346,270.9000,271.1000,270.7000,270.8000,112500
1493108640,271.2500,271.3000,270.8000,270.9500,98500
1493108941,271.2000,271.4500,271.0500,271.3000,105200
1493109243,271.9000,272.0000,271.1500,271.2500,227400
1493109540,271.9500,272.0000,271.8000,271.8500,191600
1493109841,271.9000,272.1000,271.7000,272.0000,157400
1493110140,271.8000,272.0000,271.7000,271.8500,146000
1493110442,271.8500,272.0000,271.7500,271.9500,189600
1493110751,271.9000,272.0000,271.7000,271.9000,148500
1493111040,271.9000,272.1000,271.8000,271.8500,137000
1493111340,272.1000,272.2000,271.8500,271.9500,131000
1493111641,272.4500,272.9500,272.0000,272.0000,286800
1493111943,272.3000,272.6000,271.8500,272.3500,187000
1493112253,272.2500,272.4500,272.0000,272.2500,118400
1493112542,272.4000,272.4500,272.0500,272.3500,140300
1493112840,273.0000,273.3000,272.2500,272.3500,460500
1493113140,272.5000,273.1000,272.3000,273.1000,233000
1493113445,271.9500,272.6500,271.9000,272.5500,266700
1493113741,272.0500,272.3500,271.8500,271.9000,318500
1493114040,272.6000,272.6500,271.8500,272.0000,246400
1493114340,272.7500,273.0500,272.5500,272.6500,341500
1493114400,272.5500,272.5500,272.5500,272.5500,0
1493178541,274.0000,274.6000,273.1500,274.3000,0
1493178840,273.9500,274.2500,273.7000,273.9000,396900
1493179140,273.8000,273.9000,273.4500,273.8500,219100
1493179441,273.8500,274.0000,273.5500,273.7500,131300
1493179740,274.2000,274.2000,273.5500,273.8000,147900
1493180040,274.3000,274.5500,273.9500,274.1000,255000
1493180340,274.2000,274.4500,274.0500,274.3500,166500
1493180643,273.7000,274.3000,273.7000,274.0500,139100
1493180999,273.9500,274.1000,273.7000,273.7500,58600
1493181299,273.9500,274.2000,273.8500,274.0000,104300
1493181599,273.8000,274.1000,273.7000,274.0000,102900
1493181841,274.1000,274.1500,273.5000,273.8500,159000
1493182140,274.4000,274.4500,273.8500,274.1500,102400
1493182441,274.9500,274.9500,274.3500,274.4500,141300
1493182740,275.0500,275.2500,274.7500,275.0000,271400
1493183044,275.3500,275.6000,274.9500,275.0000,129700
1493183398,275.3000,275.5000,275.2000,275.4000,139400
1493183640,274.8500,275.5000,274.7000,275.4000,149800
1493183944,274.9500,275.0000,274.6500,274.9000,100700
1493184240,275.3500,275.4000,274.8500,275.0000,109200
1493184540,275.1500,275.6500,275.1000,275.4000,151800
1493184840,274.8500,275.3000,274.8000,275.2000,106700
1493185142,275.4500,275.5000,274.8500,274.9000,62700
1493185441,275.1500,275.4500,275.0500,275.4000,57100
1493185743,275.3000,275.4500,275.0500,275.1000,64700
1493186040,275.2000,275.3500,275.0500,275.3500,64000
1493186341,275.1000,275.2500,274.8000,275.1500,119400
1493186699,275.1500,275.2500,274.9500,275.1500,55000
1493186940,275.4500,275.5000,275.1500,275.2000,56000
1493187241,275.6000,275.8500,275.3500,275.5000,196000
1493187540,276.0000,276.1500,275.7500,275.7500,674900
1493187846,276.0500,276.3000,276.0000,276.0500,288400
1493188140,276.1000,276.4000,275.8000,276.0000,518000
1493188441,275.9500,276.1500,275.3500,276.0500,105000
1493188740,275.9000,276.0500,275.6000,276.0000,76300
1493189040,276.3000,276.3000,275.7000,275.8500,110200
1493189344,276.0500,276.3000,275.8500,276.2500,125700
1493189644,276.5500,276.6000,275.9000,276.1000,453500
1493189946,276.5500,276.6500,276.3000,276.5000,433000
1493190245,276.5000,276.6000,276.4000,276.5000,211700
1493190550,276.5000,276.6500,276.4500,276.4500,161700
1493190841,276.7000,277.0000,276.5000,276.5500,132100
1493191140,276.7500,277.0000,276.6500,276.6500,103300
1493191442,276.0500,276.7000,276.0500,276.7000,199200
1493191742,275.9000,276.2500,275.6500,276.1000,150500
1493192040,275.8000,276.0500,275.7000,275.9500,71700
1493192340,275.6000,276.0000,275.5500,275.8500,58900
1493192641,275.5000,275.7000,275.5000,275.7000,71900
1493192999,275.4000,275.6500,275.3000,275.6000,83000
1493193241,275.9000,275.9500,275.4000,275.4500,40500
1493193550,275.8500,276.0000,275.8000,275.9500,49900
1493193840,276.0000,276.1000,275.8500,275.9000,52100
1493194140,276.3000,276.4500,276.0500,276.1000,87600
1493194441,275.8500,276.4500,275.8500,276.4000,90900
1493194744,276.4000,276.4000,275.8500,275.9000,72500
1493195042,276.3000,276.4000,276.1000,276.2500,95800
1493195341,276.8000,277.0000,276.2000,276.2500,256500
1493195640,276.6500,276.9000,276.5000,276.8500,103200
1493195940,276.7000,276.8500,276.5500,276.6000,78200
1493196240,275.4000,276.7500,275.3500,276.7500,157100
1493196540,275.2000,275.5000,275.0000,275.5000,242600
1493196840,275.0000,275.3000,275.0000,275.3000,243800
1493197140,274.9500,275.2000,274.7500,275.0500,159800
1493197440,274.4500,275.2500,274.4000,275.0000,194700
1493197742,274.6500,275.0000,274.2000,274.4000,171900
1493198041,274.9000,274.9500,274.1000,274.7000,147100
1493198340,275.2500,275.6000,274.8500,274.9500,157800
1493198640,275.4000,275.5000,275.1000,275.3500,80000
1493198941,275.7500,276.0000,275.4000,275.4500,223000
1493199240,276.4500,276.5500,275.7500,275.8000,245900
1493199541,276.6500,277.0000,276.5500,276.5500,289100
1493199840,277.7500,277.9000,276.6000,276.7000,419400
1493200145,276.8500,277.9000,276.8000,277.8500,482200
1493200440,276.6500,277.1000,276.4000,276.9000,329800
1493200740,276.4000,277.0000,276.1000,276.7000,630300
1493200800,276.9000,276.9000,276.9000,276.9000,0
1493264940,275.6000,276.9500,274.9000,276.7000,498400
1493265241,275.7000,275.8000,275.1500,275.5000,158300
1493265599,275.2500,275.9000,275.0500,275.7500,113300
1493265846,274.8000,275.4000,274.8000,275.4000,115700
1493266140,274.6500,274.9500,274.1500,274.9000,193200
1493266444,274.2000,274.8000,273.6000,274.6000,194900
1493266745,274.1500,274.4500,274.0000,274.0500,91100
1493267040,274.0000,274.4000,274.0000,274.2000,98300
1493267340,273.9500,274.3000,273.7000,274.1500,147100
1493267644,273.9500,274.2500,273.7000,273.9000,81400
1493267940,274.1500,274.3500,273.6500,273.9000,163400
1493268240,273.8500,274.3500,273.4000,274.3000,137500
1493268599,274.5500,274.6000,273.6500,273.7000,177900
1493268842,275.0000,275.0000,274.2000,274.6000,174700
1493269141,275.3000,275.5000,274.5000,274.9000,288000
1493269442,275.2500,275.4500,275.0000,275.2500,765300
1493269741,275.2500,275.7500,275.1500,275.1500,183600
1493270040,275.5500,275.6000,275.1500,275.2000,198600
1493270340,275.1500,275.6000,275.0000,275.4000,104200
1493270641,275.4000,275.4000,275.0000,275.1000,157700
1493270940,275.1500,275.5000,275.0500,275.3500,136800
1493271240,275.7000,275.9000,275.1500,275.4000,160200
1493271547,275.6500,275.8500,275.5500,275.8000,75100
1493271841,275.6000,275.8000,275.5000,275.6000,57600
1493272140,275.7000,275.7500,275.5000,275.6500,78800
1493272440,276.0000,276.2000,275.6500,275.6500,172000
1493272742,275.9500,276.4000,275.9500,275.9500,147900
1493273042,276.2000,276.2000,275.8000,275.9000,132400
1493273340,276.1500,276.3000,276.0000,276.1500,246700
1493273640,275.7500,276.2000,275.3000,276.1000,134700
1493273942,276.1000,276.1500,275.5500,275.6000,100200
1493274240,275.9500,276.3000,275.8500,276.1000,230000
1493274540,276.0000,276.3000,275.8500,276.0000,137400
1493274840,275.7000,276.1500,275.5500,276.1000,77100
1493275152,275.7500,275.8500,275.5000,275.8000,71200
1493275442,275.6500,275.8500,275.5500,275.8000,48600
1493275742,275.0000,275.7000,275.0000,275.7000,103400
1493276040,275.1500,275.5500,275.0000,275.0500,120800
1493276350,275.3000,275.4000,274.8000,275.2000,92600
1493276640,275.3500,275.7000,275.1500,275.1500,54800
1493276943,275.1000,275.4500,275.0000,275.4500,100000
1493277252,274.9000,275.2500,274.8500,275.0500,61000
1493277540,275.4500,275.5000,275.0000,275.1500,83100
1493277841,275.2500,275.5000,275.1000,275.2000,67200
1493278142,275.4500,275.5500,275.2500,275.3000,70300
1493278440,275.6500,275.6500,275.1500,275.3000,45500
1493278744,275.7500,275.8500,275.5000,275.6000,70900
1493279040,276.3000,276.3000,275.7500,275.8000,185200
1493279342,275.9500,276.4500,275.8500,276.2000,70300
1493279641,276.2000,276.2000,275.7000,275.9000,68900
1493279941,276.1500,276.2000,275.7000,276.1500,75600
1493280245,275.9500,276.2000,275.7500,276.1000,75600
1493280542,275.7500,276.0000,275.5500,275.9000,52200
1493280844,276.1000,276.1500,275.4500,275.5500,55100
1493281199,276.1000,276.1500,275.7000,276.1500,72100
1493281442,276.0000,276.2000,275.8500,276.0500,48500
1493281742,275.6000,276.0500,275.4500,275.9500,94000
1493282098,275.3000,275.9000,275.3000,275.5500,83900
1493282340,275.5000,275.7000,275.3000,275.3500,74000
1493282642,275.7000,275.7000,275.3500,275.4500,169600
1493282941,275.6500,275.7000,275.4500,275.6500,95200
1493283242,275.4000,275.6500,275.3000,275.6000,67300
1493283543,275.0500,275.4000,274.7000,275.3500,146500
1493283840,275.3000,275.8000,275.0000,275.1000,63300
1493284199,275.2500,275.6000,275.2000,275.3500,154100
1493284440,275.0500,275.4500,274.9000,275.3000,128400
1493284741,274.6500,275.2500,274.6500,275.1000,118000
1493285051,275.1500,275.3500,274.5500,274.7000,178200
1493285340,275.2500,275.4500,274.2500,275.0000,285100
1493285641,273.9000,275.2000,273.8000,275.1000,788000
1493285940,274.3000,274.4000,273.8000,274.1000,731900
1493286240,274.0000,274.4000,273.8000,274.4000,738200
1493286540,273.9500,274.4000,273.5500,273.9500,785000
1493286841,274.0500,274.1000,273.8000,273.8500,578700
1493287197,274.7000,274.9500,274.0500,274.1000,638700
1493287200,274.5500,274.5500,274.5500,274.5500,0
1493351342,274.4000,274.5000,272.9500,273.4000,0
1493351640,274.4000,274.9000,274.0500,274.3000,89300
1493351997,274.3000,274.5000,273.8000,274.5000,59000
1493352240,275.1500,275.3500,274.2000,274.2000,106300
1493352540,274.7000,275.2500,274.6500,275.0500,58700
1493352841,274.9500,275.0000,274.6000,274.6500,51200
1493353140,275.0000,275.2500,274.7500,274.9000,51100
1493353445,274.6500,275.0000,274.6500,274.9000,48200
1493353797,274.1000,274.8500,273.9500,274.8000,99700
1493354042,274.1500,274.2000,273.9000,274.1500,70400
1493354343,274.4000,274.5500,274.1000,274.1000,68200
1493354640,274.3500,274.4500,274.1000,274.3500,41700
1493354941,274.9000,275.1500,274.0500,274.3000,136300
1493355242,277.2000,277.3000,274.8000,274.9500,498800
1493355543,277.6500,277.9500,277.0000,277.1500,343300
1493355840,277.9500,277.9500,277.3000,277.7000,193200
1493356140,277.9000,278.4000,277.2500,277.9000,186900
1493356443,277.4500,278.1000,277.2500,277.8500,108100
1493356740,276.9000,277.4000,276.7500,277.3000,62500
1493357040,276.4000,277.1500,276.2500,276.8500,77200
1493357355,276.8000,276.9000,276.3000,276.3000,40800
1493357640,276.4000,276.8500,276.3000,276.8500,55700
1493357996,276.2000,276.5000,276.0000,276.3000,76700
1493358299,276.8500,276.9500,276.0000,276.0500,67800
1493358599,276.8000,277.2500,276.6500,276.9000,78200
1493358842,277.0000,277.1000,276.7000,276.9000,39600
1493359143,276.7000,277.1000,276.6000,276.9500,44900
1493359443,276.7500,277.0000,276.6000,276.6500,48500
1493359798,276.3500,276.8000,276.3500,276.7000,28400
1493360042,276.2500,276.5000,276.0500,276.4000,29600
1493360398,276.4000,276.7500,276.1000,276.2000,34900
1493360642,276.3000,276.4000,276.1000,276.2500,44700
1493360942,276.0000,276.4000,276.0000,276.4000,40200
1493361240,275.6500,276.1500,275.1000,276.1000,166800
1493361557,276.0000,276.2500,275.5500,275.6000,71200
1493361846,275.9500,276.1500,275.8000,275.9000,23800
1493362197,275.9000,276.1500,275.9000,275.9000,28800
1493362442,276.1000,276.1500,275.8000,276.0000,21300
1493362794,276.1500,276.3000,276.0500,276.2000,14300
1493363099,276.1000,276.2000,275.8500,276.1000,24300
1493363399,276.0500,276.8000,276.0000,276.1500,42500
1493363642,275.6000,276.1000,275.5000,276.1000,30700
1493363996,275.7000,275.9000,275.5000,275.6000,27600
1493364245,276.0500,276.2500,275.7000,275.7000,26000
1493364544,275.7500,276.2000,275.7000,276.2000,27700
1493364842,275.8500,275.9500,275.5000,275.8500,30300
1493365198,275.6500,275.8000,275.5500,275.8000,33800
1493365441,276.0000,276.1000,275.4500,275.6000,82400
1493365741,276.1500,276.4000,276.0500,276.1000,41600
1493366040,276.6500,276.8000,276.0500,276.1000,94700
1493366341,276.6000,276.8500,276.2000,276.7000,41200
1493366641,277.0500,277.2000,276.4000,276.6500,129500
1493366940,277.3000,277.5500,276.8000,277.1000,124000
1493367244,276.7000,277.6000,276.7000,277.2500,77000
1493367541,277.0000,277.4000,276.5500,276.7500,189200
1493367841,277.5000,277.5000,277.0000,277.2500,336100
1493368199,277.3000,277.5000,277.0500,277.4500,109300
1493368445,277.8000,277.9000,277.2500,277.2500,140200
1493368740,277.9500,278.0000,277.6500,277.7000,133600
1493369041,277.5000,278.0000,277.5000,277.8500,91200
1493369340,277.2000,277.7000,276.8500,277.5500,86800
1493369650,277.1000,277.5500,276.9500,277.3500,51800
1493369940,277.2000,277.7000,276.8500,277.0500,69000
1493370241,277.6500,277.6500,277.1000,277.2500,39700
1493370542,277.9000,278.0000,276.9000,277.5000,148400
1493370842,277.7500,277.9500,277.5000,277.8500,51000
1493371140,277.9000,278.0000,277.6500,277.8000,154100
1493371441,278.6000,279.1000,277.6000,277.8500,330900
1493371741,278.8500,279.4000,278.6000,278.7500,376500
1493372042,278.2000,278.9500,278.1000,278.9500,191100
1493372341,278.4000,278.5000,277.7000,278.1000,216400
1493372642,279.1000,279.1000,278.1000,278.3000,266900
1493372940,278.7500,279.3000,278.6500,279.0000,418700
1493373240,278.4000,278.8500,278.2000,278.8000,347900
1493373548,277.8000,278.4000,277.7000,278.3500,385400
1493696940,279.9000,280.7000,278.5500,280.2000,0
1493697241,279.7000,280.3000,279.6500,279.9500,230300
1493697540,279.6500,280.0000,279.2500,279.7500,261500
1493697899,279.9500,280.0000,279.6500,279.8500,139700
1493698141,279.4000,280.2000,279.3500,279.9000,123300
1493698440,278.8000,279.8500,278.6500,279.3500,263100
1493698743,278.8500,279.1500,278.7000,279.0500,142600
1493699050,278.6500,278.9000,277.7500,278.9000,337600
1493699340,278.2500,278.9500,278.0500,278.5000,100000
1493699641,278.4000,278.6000,278.0500,278.2000,81100
1493699943,277.9000,278.5500,277.9000,278.2500,146600
1493700247,277.9500,278.4000,277.8000,278.0000,88700
1493700541,277.5500,278.1000,277.1500,278.0000,191300
1493700899,277.3500,277.8000,277.2000,277.5000,80100
1493701143,277.3000,277.4500,277.0000,277.4000,168400
1493701440,277.0000,277.4500,276.7500,277.4500,87800
1493701743,277.0500,277.3000,276.8000,276.8500,189700
1493702042,276.2500,277.1000,275.8500,277.1000,265600
1493702341,275.9000,276.5000,275.6500,276.1000,84400
1493702694,276.5000,276.8500,275.7000,276.0000,82600
1493702999,276.6000,276.9000,276.4500,276.6000,42100
1493703240,276.7000,276.9000,276.4000,276.5000,47100
1493703540,276.8500,276.9000,276.7000,276.8000,34000
1493703842,276.2000,276.9000,276.0000,276.8000,70300
1493704148,276.3000,276.6500,276.0000,276.2500,71500
1493704499,276.1000,276.4500,276.0500,276.3500,41800
1493704740,275.3500,276.5000,275.2500,276.1500,147400
1493705040,275.5000,275.6000,275.2500,275.3000,82900
1493705399,276.2500,276.3500,275.4500,275.6000,103900
1493705640,276.0500,276.4000,276.0500,276.2000,43200
1493705940,275.7500,276.2500,275.6000,276.1000,131400
1493706299,276.0000,276.0500,275.7000,275.8000,69200
1493706544,275.8500,276.0500,275.6500,276.0500,41000
1493706846,275.3000,275.8000,275.1000,275.8000,104800
1493707142,275.3500,275.5000,275.2000,275.3500,68400
1493707440,275.1000,275.4500,275.0000,275.3000,270200
1493707741,275.5000,275.9000,275.0000,275.0500,168100
1493708098,275.6500,275.8000,275.4000,275.5500,89800
1493708342,276.5500,276.6000,275.7000,275.7000,89000
1493708641,276.0500,276.6500,275.9500,276.6000,95300
1493708944,276.2500,276.5000,276.0500,276.1000,90300
1493709242,275.9000,276.3500,275.8500,276.3500,85400
1493709547,276.2000,276.3000,275.9000,276.0000,69800
1493709841,276.2000,276.3500,276.0000,276.1500,46300
1493710153,275.9500,276.2500,275.9500,276.2500,387800
1493710440,275.9500,276.0500,275.8000,275.9500,94700
1493710742,276.0000,276.1000,275.8500,275.9000,100700
1493711041,276.4000,276.4000,275.9500,275.9500,88800
1493711341,276.5500,276.7500,276.3000,276.3500,196000
1493711641,276.7000,276.9500,276.4500,276.5000,176300
1493711943,276.6000,276.9000,276.5000,276.6500,97700
1493712241,276.2500,276.8500,276.2500,276.6500,81100
1493712541,276.3000,276.4000,276.2000,276.3000,81200
1493712842,276.1500,276.4000,276.1500,276.3500,69000
1493713160,276.4000,276.4000,276.1500,276.2000,67600
1493713440,276.3000,276.4500,275.8000,276.3000,89200
1493713740,276.4000,276.5500,276.1000,276.2000,120600
1493714041,276.3500,276.4500,276.1500,276.3500,67300
1493714340,276.1000,276.4000,276.0500,276.4000,63000
1493714640,276.2500,276.4500,276.1500,276.1500,90900
1493714940,276.2000,276.4000,276.2000,276.3000,46100
1493715244,275.8000,276.3000,275.7500,276.3000,60800
1493715540,275.7000,275.9000,275.1500,275.7500,103500
1493715898,276.3000,276.4500,275.7000,275.7500,94500
1493716199,276.5000,276.8500,276.2000,276.2500,216300
1493716440,276.1500,276.5000,276.1500,276.4000,75700
1493716740,276.2500,276.4500,276.1500,276.2000,66100
1493717042,276.1500,276.4000,276.1000,276.2000,54000
1493717341,276.2500,276.5000,276.0500,276.3000,102900
1493717699,276.1500,276.4500,276.0000,276.4000,190700
1493717940,276.2500,276.4000,275.6000,276.1000,205000
1493718240,276.4000,276.4500,276.1000,276.3000,237200
1493718541,276.3500,276.5500,275.7500,276.4500,306700
1493718841,275.4000,276.4000,275.0500,276.3000,5796500
1493719140,275.9000,276.0000,275.2500,275.3000,140800
1493783340,276.3500,276.4500,275.2500,275.9000,0
1493783640,276.4000,277.0000,275.8500,276.1500,468100
1493783940,275.6000,276.3000,275.3000,276.2500,562400
1493784240,275.8000,276.0000,275.6000,275.7000,166400
1493784540,276.0000,276.0000,275.5500,275.6500,128700
1493784841,275.7000,276.0000,275.5500,275.9000,229700
1493785199,275.1500,275.8500,274.8000,275.6000,393900
1493785441,276.4500,276.4500,274.9500,275.1000,610700
1493785740,275.7500,276.4500,275.5500,276.4000,343000
1493786040,275.0000,275.8000,274.3500,275.8000,555600
1493786398,274.3500,275.0000,274.0500,274.9500,217800
1493786697,274.6500,274.8000,274.3000,274.3000,86800
1493786940,274.5500,274.7000,274.3000,274.5000,56100
1493787241,274.3500,274.6500,274.1500,274.6000,94600
1493787541,273.9500,274.4000,273.6000,274.4000,218500
1493787840,274.1000,274.5000,273.9500,274.0000,209200
1493788152,274.2000,274.4000,274.1000,274.2000,70700
1493788440,274.0000,274.1500,273.9000,274.1500,177000
1493788740,274.4000,274.4500,273.9500,273.9500,58900
1493789043,274.2500,274.4500,274.1500,274.4500,47300
1493789341,274.0000,274.4000,273.9000,274.2000,115000
1493789699,274.1500,274.2500,273.9000,273.9500,71100
1493789945,274.1500,274.2500,274.0000,274.2000,73600
1493790241,274.1500,274.2500,274.0500,274.1000,92600
1493790546,273.9000,274.2000,273.8500,274.2000,111800
1493790840,273.7500,274.1500,273.7500,273.9500,117700
1493791141,273.9000,274.0000,273.6500,273.7000,117100
1493791445,273.4000,273.9000,273.1500,273.8500,202500
1493791741,273.2500,273.4500,273.1000,273.3500,128100
1493792040,273.5500,273.7500,273.1500,273.1500,113200
1493792340,273.9500,274.0000,273.4000,273.4000,128700
1493792642,274.0500,274.1500,273.6500,273.8500,212000
1493792940,273.4000,274.0500,273.4000,274.0000,179600
1493793240,273.5000,273.7500,273.2500,273.4500,141700
1493793541,272.9000,273.6000,272.6000,273.4000,582800
1493793840,273.0000,273.1000,272.7500,272.8000,223400
1493794141,273.3000,273.3000,272.8500,272.9000,179400
1493794440,273.3500,273.6000,273.1000,273.2500,104500
1493794745,273.4500,273.4500,273.2500,273.3000,79800
1493795040,272.7500,273.4500,272.6500,273.4000,187200
1493795340,273.0000,273.1500,272.5000,272.8000,196500
1493795640,273.1500,273.2500,272.8000,272.9500,129100
1493795940,272.8000,273.2000,272.6500,273.0500,121200
1493796247,272.6000,273.2000,272.2500,272.9500,210100
1493796540,272.0000,272.7500,271.8500,272.7000,635500
1493796842,271.7500,272.2500,271.3000,272.0000,596800
1493797144,272.3500,272.4500,271.7500,271.8500,255200
1493797440,272.4500,272.5000,271.8000,272.2000,155700
1493797741,272.5000,272.9000,272.4000,272.5000,214200
1493798097,272.7500,272.8000,272.3500,272.5500,100600
1493798341,272.9000,272.9500,272.6000,272.8000,151600
1493798640,273.5000,273.6500,272.9000,272.9500,430600
1493798941,273.2000,273.6000,273.1000,273.5500,214300
1493799240,273.5000,273.6000,273.0000,273.3000,162600
1493799540,273.5000,273.5000,273.2000,273.4500,141100
1493799899,273.5000,273.8000,273.2500,273.5500,200300
1493800140,273.4500,273.6500,273.1500,273.4500,263200
1493800442,273.9500,274.3500,273.3000,273.4000,533500
1493800741,273.6000,274.1500,273.5000,274.0000,275100
1493801041,273.2500,273.5500,273.1500,273.5500,257000
1493801343,272.8500,273.4000,272.7000,273.2000,1253100
1493801642,272.9000,273.0000,272.0000,272.9500,219500
1493801940,273.0000,273.1500,272.7500,273.0000,252400
1493802240,272.4500,273.0000,272.3000,272.9500,109800
1493802540,272.9000,273.1000,272.4000,272.4000,357300
1493802844,272.9500,273.0000,272.6000,273.0000,176900
1493803140,272.5000,273.0000,272.4000,272.8500,176100
1493803443,272.5000,272.6000,272.3000,272.5500,116200
1493803799,272.7000,272.8500,272.4000,272.4000,146500
1493804047,272.9500,273.1500,272.6000,272.6000,358100
1493804350,272.8000,273.0500,272.6500,273.0000,1253000
1493804644,272.6500,272.9000,272.4000,272.9000,717300
1493804941,272.6500,272.8000,272.1500,272.7000,1083500
1493805241,272.7500,272.8000,272.1000,272.7000,824800
1493805541,273.0500,273.2500,272.5500,272.6500,1039100
1493805600,272.7500,272.7500,272.7500,272.7500,0
1493869741,287.9500,288.5500,284.0500,288.4000,8626300
1493870040,288.3000,289.3500,286.0000,287.7500,6329900
1493870340,290.4500,291.3500,288.3500,288.3500,7566700
1493870642,290.6000,292.2000,290.2000,290.5000,5285100
1493870941,293.3500,293.6000,290.2500,290.5000,4008900
1493871240,295.8000,296.4500,293.5000,293.5000,8368300
1493871540,294.3500,296.4000,294.1000,296.0000,3285200
1493871841,294.6500,294.9500,293.7000,294.4000,1446800
1493872140,293.5500,294.8500,293.5000,294.7000,810200
1493872440,293.8000,294.0500,293.4000,293.6500,791900
1493872741,294.3000,294.7000,293.8000,293.9000,688000
1493873040,294.3500,294.6000,294.0500,294.2500,525300
1493873340,294.1000,294.4500,294.0000,294.4000,599700
1493873640,293.7000,294.1500,293.5000,294.0500,827900
1493873945,294.8500,295.0000,293.6500,293.6500,955600
1493874243,295.6000,295.9500,294.8500,294.9000,1770200
1493874540,295.6000,296.2000,295.0000,295.6500,1635700
1493874840,295.7000,295.7500,295.2000,295.5500,778900
1493875141,296.5000,296.5000,295.6500,295.7500,1037500
1493875440,295.9000,296.4500,295.5500,296.4500,871200
1493875741,295.6500,295.9500,295.2500,295.9500,579200
1493876040,296.8500,296.9000,295.6000,295.7000,1441300
1493876343,297.6500,297.9500,296.7000,296.8000,2376700
1493876640,297.5000,298.6500,297.4500,297.7500,2503200
1493876940,297.4000,297.8000,297.1000,297.6000,1012800
1493877243,296.9000,297.4000,296.5000,297.3500,998800
1493877540,297.2500,297.4500,296.9000,296.9500,519500
1493877841,296.7000,297.3500,296.5500,297.3000,550600
1493878142,297.1500,297.3000,296.6000,296.6500,7075500
1493878443,297.2000,297.3000,297.0000,297.2000,371100
1493878741,297.1000,297.2500,297.0000,297.2500,678300
1493879042,296.1000,297.4500,296.1000,297.1500,783400
1493879343,296.1500,296.1500,295.2500,296.0000,866200
1493879640,296.3000,296.9500,296.0000,296.2500,350900
1493879940,296.0000,296.5500,295.9000,296.3500,497300
1493880244,295.8000,296.0000,295.7000,295.9500,310800
1493880540,295.2000,295.9500,295.2000,295.9000,554500
1493880844,295.4000,295.8500,295.0500,295.2500,682300
1493881141,295.8000,296.0000,295.4000,295.5000,460500
1493881443,296.0500,296.4000,295.7000,295.9500,692000
1493881740,296.4000,296.4500,296.0000,296.0000,583500
1493882041,296.3000,296.4000,296.1000,296.3000,275500
1493882399,296.7000,296.7000,296.2000,296.3000,544000
1493882643,297.3000,297.5000,296.6500,296.6500,896000
1493882941,298.2500,298.2500,297.1500,297.3500,1767300
1493883240,298.2000,298.4000,297.7000,298.2500,932900
1493883540,297.8000,298.6000,297.7000,298.2500,781500
1493883840,297.4500,297.8500,297.0500,297.8500,412400
1493884141,297.8500,298.0000,297.5000,297.5000,397100
1493884440,298.2500,298.2500,297.5500,297.8000,423900
1493884741,298.1000,298.3000,297.6500,298.2000,450400
1493885043,298.4500,298.4500,298.0000,298.0500,376900
1493885342,298.4000,298.8500,298.2500,298.3500,866700
1493885640,298.3500,298.4500,298.0000,298.4500,435100
1493885999,298.7000,298.8500,298.3000,298.3000,568400
1493886240,298.2000,299.0000,298.1000,298.6500,776300
1493886540,298.5000,298.5000,297.9500,298.1500,451300
1493886852,298.4500,298.6000,298.4000,298.4500,537000
1493887140,299.1500,299.2500,298.0500,298.4000,960600
1493887440,299.6000,299.7000,298.6000,299.0000,1684600
1493887740,299.1000,299.5500,298.8000,299.5000,713600
1493888099,299.3000,299.4000,299.0000,299.0500,482800
1493888340,299.2000,299.7500,299.2000,299.2000,1052100
1493888643,298.6500,299.3500,298.0000,299.1500,1313900
1493888942,299.4500,299.5000,298.6000,298.7000,533200
1493889240,298.8500,299.6000,298.6500,299.5000,539300
1493889541,298.9000,298.9500,298.6000,298.8000,431300
1493889840,298.7500,298.9500,298.2000,298.8500,731800
1493890142,298.4000,298.9000,298.3500,298.7000,721600
1493890440,298.0000,298.5000,298.0000,298.4500,1264200
1493890740,297.3000,298.1500,297.1000,298.1000,2374900
1493891042,297.9500,298.1500,297.2000,297.2500,1706900
1493891340,297.8500,298.4000,297.7000,297.9000,2270800
1493891640,297.7000,298.0000,297.3500,298.0000,1487900
1493891940,297.5500,298.0000,297.4500,297.8500,1724000
1493892000,297.8000,297.8000,297.8000,297.8000,0
1493956140,297.5500,299.7500,297.2500,299.6000,2927400
1493956440,297.7000,298.4500,296.5000,297.4000,1962200
1493956740,299.2000,299.9500,297.6500,297.8000,2126400
1493957042,298.7000,299.4000,297.8500,299.2500,828000
1493957342,299.2500,299.4000,298.3500,298.6000,567200
1493957640,298.7000,299.2000,298.4000,299.2000,474700
1493957941,298.9500,299.1500,298.6500,298.6500,333200
1493958241,298.8000,299.0500,298.5000,298.9000,1008100
1493958540,298.4500,298.8500,298.2500,298.8500,367700
1493958840,298.5500,298.7000,298.2500,298.4000,161600
1493959142,299.4000,299.4000,298.5000,298.5000,520100
1493959441,299.7000,300.4500,299.2500,299.3500,1679200
1493959742,299.1000,299.5500,299.0000,299.5500,379100
1493960040,299.3000,299.3000,299.0000,299.0500,273700
1493960342,299.7500,300.4000,299.2500,299.2500,849900
1493960641,299.8500,299.9500,299.3000,299.7000,205700
1493960940,299.6000,299.8500,299.5000,299.8000,224600
1493961240,299.8000,299.9000,299.5000,299.7000,188300
1493961540,300.0500,300.3000,299.7500,299.8500,405000
1493961841,299.9000,300.2000,299.6500,300.2000,1665300
1493962140,299.4000,299.9500,298.8000,299.9500,664700
1493962440,299.8000,299.8000,299.4000,299.4500,118400
1493962740,299.5500,299.8000,299.4000,299.7500,193500
1493963041,299.7000,299.8000,299.4000,299.6000,180900
1493963340,299.7000,299.9500,299.4000,299.7500,237200
1493963640,299.4500,299.9500,299.4000,299.7500,203600
1493963941,299.2500,299.7000,299.1500,299.4000,251700
1493964242,299.4000,299.6500,299.1000,299.3000,204100
1493964542,299.6000,299.6500,299.3500,299.4500,196300
1493964899,298.7000,299.6500,298.1000,299.5000,415500
1493965144,298.9000,299.2000,298.5500,298.6000,426000
1493965448,297.9000,298.7500,297.5000,298.6500,759700
1493965744,297.7500,298.0000,297.6000,298.0000,599000
1493966046,297.7500,297.7500,297.3000,297.7000,569900
1493966340,297.7000,297.8000,297.4500,297.7000,258000
1493966648,297.5500,297.7500,297.3000,297.7500,327000
1493966940,297.4000,297.6500,297.3500,297.5000,348800
1493967240,296.8000,297.5000,295.8000,297.4500,662600
1493967540,296.5000,296.9000,296.5000,296.7500,321400
1493967840,297.2500,297.7500,296.5500,296.5500,338500
1493968140,297.8000,297.9000,297.3000,297.3500,203300
1493968440,298.5500,298.7500,297.8500,297.9000,460700
1493968742,298.1500,298.7000,298.1500,298.2000,121900
1493969041,298.9500,299.2500,298.3000,298.3000,336800
1493969340,298.0000,298.8500,297.7000,298.8000,323700
1493969640,298.7000,298.7500,297.9000,298.0000,277000
1493969941,298.1000,298.8000,298.0000,298.6500,264300
1493970241,295.6000,298.1000,295.6000,298.0000,796700
1493970540,296.5500,296.7000,294.5000,295.7500,1093400
1493970840,296.2000,297.0000,295.8000,296.4500,541900
1493971140,296.8000,297.0000,295.9000,296.3000,622000
1493971440,296.6000,297.3500,296.6000,296.7000,519700
1493971740,296.5000,296.8000,295.6500,296.7000,627300
1493972099,296.8500,296.9000,296.2000,296.5500,390900
1493972340,298.2500,298.4000,296.7000,296.9000,538000
1493972699,297.7000,298.2000,297.6000,298.2000,259400
1493972942,298.1000,298.3500,297.6500,297.6500,378000
1493973240,300.3500,300.8500,297.9000,298.0500,1362000
1493973542,300.8500,301.7000,299.4500,300.3000,1619100
1493973840,300.3000,301.1000,299.8000,300.8000,838300
1493974141,300.7500,300.9000,300.0000,300.4000,644400
1493974440,299.6000,300.9000,299.5000,300.8500,527200
1493974740,300.1000,300.4500,298.6500,299.5500,834600
1493975040,300.4500,300.6500,299.7000,300.2500,511000
1493975341,300.1500,300.7000,299.9000,300.4000,478000
1493975640,300.1500,300.5000,299.8500,300.2000,293400
1493975940,300.0000,300.2500,299.7000,300.2500,387700
1493976240,300.0000,300.2000,299.8500,300.0500,310800
1493976540,300.4000,300.4000,300.0000,300.1000,404100
1493976899,299.7000,300.5000,299.7000,300.3000,459700
1493977140,299.0000,299.9500,298.9000,299.7500,660800
1493977443,298.1500,299.1000,297.8000,298.9000,692400
1493977799,297.8000,298.8000,297.7500,298.1000,847000
1493978042,297.7500,298.0000,297.4000,297.8500,385200
1493978342,297.4500,298.0000,297.0500,297.9000,343300
1493978400,298.0000,298.0000,298.0000,298.0000,2400
1494215340,304.0000,304.0000,300.3500,300.4000,0
1494215640,303.9000,304.3000,302.0500,303.9500,1314700
1494215941,303.6000,304.7500,303.4500,303.7500,970200
1494216241,302.8500,303.7000,302.5500,303.6500,503000
1494216540,303.6000,303.6000,302.8500,302.9000,375200
1494216848,304.2500,304.3000,303.1000,303.5500,480900
1494217199,304.1000,304.4000,304.0000,304.2000,431600
1494217440,304.0000,304.2500,304.0000,304.0500,275400
1494217741,304.5000,305.0000,304.0000,304.0500,831200
1494218040,304.5000,305.0000,304.1500,304.4000,392400
1494218340,305.5500,305.8500,304.2000,304.4500,618400
1494218640,305.7000,306.3000,305.3500,305.7500,584500
1494218940,305.5500,306.0000,305.4500,305.7500,1243700
1494219242,304.8500,305.6500,304.5500,305.6000,231300
1494219599,305.7000,305.7500,304.6500,304.6500,187400
1494219840,305.8500,305.9000,305.5500,305.6000,117300
1494220140,305.7000,305.8500,305.4000,305.8000,119400
1494220440,305.9000,306.0000,305.6000,305.7500,142500
1494220744,306.8000,307.0000,305.8000,305.8500,756800
1494221042,306.8000,307.4000,306.6500,306.7000,1118400
1494221340,307.2500,307.3500,306.3500,306.7000,305500
1494221640,307.1500,308.1000,307.1000,307.3000,830900
1494221940,307.8500,308.1000,307.1500,307.2000,359000
1494222240,307.8500,307.9500,307.5000,307.8000,246900
1494222540,307.3500,308.0000,307.2500,307.9000,210600
1494222840,306.7000,307.4000,306.6000,307.4000,294700
1494223140,306.2500,307.0000,306.2500,306.8500,153600
1494223440,306.4000,306.8000,306.2000,306.3000,167500
1494223743,306.8000,306.8000,306.1000,306.5000,210100
1494224044,306.5500,307.0000,306.4000,306.7500,169500
1494224340,306.9000,307.0000,306.5500,306.6500,118300
1494224640,306.8500,307.0000,306.7500,306.8500,131500
1494224942,307.0000,307.0000,306.5500,306.9000,152500
1494225242,306.6000,307.0000,306.4000,306.9500,189600
1494225540,306.6000,306.9500,306.4500,306.5000,172700
1494225843,306.7000,306.9000,306.4000,306.5500,172300
1494226144,306.2500,306.8000,306.0500,306.7500,204000
1494226441,306.6500,306.7500,305.8000,306.1000,297600
1494226741,306.5000,306.7500,306.4000,306.7000,131300
1494227040,306.5500,306.6500,306.2000,306.4500,135900
1494227343,306.2000,306.6500,305.9000,306.6000,169500
1494227642,306.3000,306.5500,306.2000,306.3500,143200
1494227940,306.4000,306.6000,306.1500,306.1500,132500
1494228240,306.8000,307.0000,306.4000,306.4000,214400
1494228542,306.7500,306.8500,306.4500,306.7500,132200
1494228840,306.5500,306.7500,306.3000,306.6500,149300
1494229140,306.4500,306.8000,306.4000,306.6000,112300
1494229442,305.9500,306.6500,305.8000,306.5000,227600
1494229741,305.9500,306.5500,305.2000,306.0000,338900
1494230041,305.9000,306.0000,305.7500,306.0000,129900
1494230343,306.0000,306.3500,305.8000,305.9500,148600
1494230643,306.3000,306.3500,306.0000,306.0500,104100
1494230941,306.5500,306.8000,306.3000,306.3500,170400
1494231240,306.6000,306.8500,306.3500,306.7000,215600
1494231541,306.4000,306.9000,306.2000,306.7000,196000
1494231843,306.3500,306.7000,306.3500,306.5000,157200
1494232140,306.4000,306.5000,306.0000,306.4000,208300
1494232440,306.1500,306.6000,306.0000,306.4500,212600
1494232742,306.3500,306.5000,306.0000,306.2500,178000
1494233041,305.9000,306.5000,305.8000,306.4000,234300
1494233340,305.8500,306.2000,305.7000,305.8500,246400
1494233640,305.3500,305.9500,305.2500,305.9500,372900
1494233942,305.0000,305.7000,304.6500,305.3000,604400
1494234240,304.9000,305.4500,304.8500,305.1000,360100
1494234540,305.0000,305.2500,304.9000,305.0000,241600
1494234840,304.9000,305.2000,304.7000,305.1000,359600
1494235140,304.8000,305.0000,304.7500,304.9500,168800
1494235441,304.1500,304.8500,303.8500,304.8500,580000
1494235742,304.0000,304.4500,303.9000,304.2000,284400
1494236040,303.1000,304.2500,303.1000,303.9500,677100
1494236340,303.3500,303.7000,303.0000,303.1500,563700
1494236699,303.4500,303.6500,302.7000,303.4000,543000
1494236940,303.1500,303.7500,302.8000,303.5000,739100
1494237240,302.9000,303.5000,302.7500,303.1000,445100
1494237540,302.0000,302.9000,301.5500,302.7500,1070500
1494237600,302.0500,302.0500,302.0500,302.0500,0
1494301740,303.0500,304.6500,302.6500,304.4000,0
1494302042,303.6000,303.9500,303.0500,303.1500,230300
1494302342,303.3000,303.6500,303.0500,303.5000,190500
1494302641,302.1500,303.5000,302.0500,303.2500,294500
1494302941,300.1500,302.2500,299.0000,302.2500,650900
1494303240,300.2500,300.9000,299.9500,300.1000,301200
1494303540,299.2500,300.4000,298.5500,300.3000,555200
1494303842,299.9000,300.3000,299.1000,299.3000,267900
1494304143,299.8500,300.1000,299.2500,299.9500,183200
1494304440,299.5000,300.0000,299.1500,299.8000,136000
1494304743,298.8500,299.4500,298.5000,299.3500,283600
1494305040,299.2000,299.5000,298.8500,298.9000,205300
1494305340,299.9000,300.0000,299.2000,299.2500,184700
1494305641,299.5000,300.1500,299.2500,299.8000,118400
1494305940,299.3500,299.7500,299.2500,299.4500,92700
1494306241,299.1500,299.4000,299.0500,299.4000,107100
1494306540,299.2500,299.4000,299.0000,299.2000,113700
1494306898,299.1000,299.5000,299.0500,299.3000,112700
1494307149,299.0000,299.2500,298.8000,299.0500,79000
1494307440,299.1500,299.2500,298.8500,298.9500,73900
1494307743,299.1000,299.3500,298.9500,299.2000,108600
1494308041,299.5000,299.6000,299.0500,299.1500,79800
1494308399,299.5500,299.8000,299.3000,299.6000,119500
1494308646,299.8500,299.8500,299.3000,299.5000,93700
1494308941,300.2000,300.6000,299.2500,299.8000,299300
1494309242,300.2000,300.3500,299.7500,300.1500,164500
1494309546,300.0000,300.2000,299.7000,300.1500,88500
1494309841,300.3000,300.5000,299.9500,299.9500,96700
1494310141,300.2500,300.6500,300.1000,300.2500,126700
1494310449,299.6000,300.3000,299.4500,300.3000,116200
1494310741,299.7000,300.0500,299.5500,299.6500,50800
1494311040,299.8500,300.1000,299.6000,299.6500,68400
1494311340,299.9500,300.1500,299.8000,299.8000,96000
1494311647,300.1500,300.3500,299.9000,299.9000,57300
1494311940,300.2000,300.3000,300.0000,300.1000,37600
1494312241,300.4000,300.7500,300.1000,300.2500,114000
1494312540,300.4000,300.6000,300.1500,300.1500,53300
1494312842,300.2500,300.4000,300.1000,300.3500,40900
1494313142,300.1000,300.3500,299.8000,300.2000,136700
1494313440,300.3500,300.4000,300.0000,300.1000,55200
1494313740,300.5000,300.5000,300.0000,300.4000,67100
1494314041,300.6000,300.7500,300.2000,300.4500,72200
1494314340,300.5000,300.7500,300.3000,300.5500,101900
1494314647,300.7500,300.7500,300.3500,300.4500,88200
1494314953,300.7000,300.7500,300.5000,300.7000,49900
1494315240,300.5000,300.7500,300.4000,300.7000,56300
1494315550,300.6000,300.6000,300.3000,300.4500,56600
1494315842,301.6000,302.0000,300.4500,300.5500,440100
1494316140,301.4000,301.7000,301.1500,301.7000,135500
1494316440,301.3500,301.5000,301.1500,301.4500,50600
1494316740,301.2000,301.3500,300.6000,301.3000,108900
1494317041,301.3500,301.4500,301.0500,301.0500,62700
1494317399,301.2000,301.5000,301.1000,301.3000,124800
1494317642,301.3000,301.5000,301.1000,301.2500,42600
1494317946,300.7500,301.4500,300.6000,301.3500,71400
1494318240,300.3000,301.0000,300.2500,300.8000,88200
1494318540,301.1000,301.1500,300.1500,300.3500,132400
1494318842,301.1500,301.2500,300.8500,301.2000,97900
1494319142,302.0500,302.1500,300.9000,300.9000,402900
1494319440,301.9000,302.0500,301.5000,302.0000,166300
1494319742,302.3500,302.6000,301.8000,301.8000,227100
1494320044,304.0000,304.1500,302.3500,302.4000,712700
1494320342,302.7500,304.0000,302.1000,303.9500,575800
1494320642,302.2500,302.8500,301.8000,302.6500,254400
1494320940,302.4500,302.4500,301.8000,302.3000,172700
1494321240,302.3000,302.6000,301.7500,302.5000,115200
1494321542,301.5000,302.1500,301.4000,302.1000,212900
1494321840,301.2500,301.6500,300.9000,301.5500,295300
1494322142,301.2000,301.4000,301.1000,301.1500,89800
1494322499,301.4000,301.4500,301.0000,301.2500,123500
1494322740,301.3500,301.6500,301.0000,301.3500,176500
1494323040,300.9500,301.5000,300.8000,301.3000,223500
1494323341,300.7500,301.2000,300.5000,300.9000,310100
1494323640,300.2000,300.8500,299.8500,300.8000,694100
1494323943,300.6500,301.0000,300.1000,300.3000,356800
1494324000,300.6000,300.6000,300.6000,300.6000,1000
1494388140,300.7000,301.4500,300.2000,301.4500,0
1494388441,300.3000,301.5500,299.8000,300.6500,346000
1494388740,300.0000,300.5000,299.7500,300.3500,280100
1494389043,299.9000,300.2000,299.7500,300.0500,124700
1494389397,300.0500,300.1000,299.8000,299.8500,94500
1494389699,299.6000,300.2500,299.5000,299.9500,85000
1494389941,300.0000,300.1500,299.4000,299.5500,93400
1494390240,300.8500,301.1500,300.1000,300.1000,207100
1494390543,300.8500,301.4000,300.6500,300.7500,224200
1494390853,301.1000,301.5000,300.8000,300.8000,270500
1494391141,300.4000,301.1000,300.2000,301.0500,90900
1494391441,300.1000,300.5000,299.9000,300.4500,109200
1494391758,299.9000,300.2500,299.9000,300.0000,91200
1494392042,299.6500,299.9500,299.5500,299.8500,78700
1494392342,299.2000,299.8000,299.0500,299.6000,207200
1494392641,299.5000,299.6000,299.1000,299.1500,92600
1494392940,299.6500,299.7500,299.4500,299.4500,72800
1494393242,299.3500,299.6000,299.2000,299.5500,71500
1494393541,299.1000,299.4000,298.2000,299.4000,264000
1494393845,299.3000,299.8500,298.8000,299.0500,159700
1494394142,299.6000,299.6500,299.1500,299.2500,100000
1494394454,300.0500,300.5500,299.5000,299.6500,507300
1494394742,300.0500,300.2000,299.9000,300.0000,260400
1494395040,300.0000,300.1500,300.0000,300.0000,127400
1494395344,300.0000,300.1000,300.0000,300.0500,171000
1494395648,300.2500,300.3000,300.0000,300.0500,84600
1494395941,300.0000,300.2500,300.0000,300.2000,52600
1494396240,300.0000,300.1000,300.0000,300.0500,195900
1494396541,300.1500,300.3500,300.0000,300.0500,214200
1494396841,300.5000,300.5000,300.0000,300.1000,177600
1494397140,301.0000,301.2500,300.3000,300.4000,336200
1494397440,301.4500,301.4500,300.8500,300.8500,224700
1494397741,302.2500,302.3000,301.2500,301.3500,567800
1494398040,301.6500,302.2000,301.6000,302.1500,251900
1494398340,302.0000,302.1500,301.5500,301.6000,301400
1494398640,302.2500,302.6500,302.0000,302.0500,308900
1494398942,302.0000,302.2500,302.0000,302.2000,287800
1494399244,302.2000,302.2000,302.0000,302.0500,183300
1494399540,301.5000,302.2000,301.5000,302.1000,303500
1494399840,300.6000,301.8000,300.1500,301.6000,285400
1494400144,300.9500,301.0000,300.1500,300.6500,156400
1494400440,301.0000,301.0000,300.6000,301.0000,126500
1494400740,300.9000,301.1000,300.7500,300.9500,90500
1494401049,301.1000,301.3500,300.7000,300.9000,93900
1494401342,301.1500,301.2500,301.0000,301.1500,89200
1494401641,300.7000,301.0500,300.5500,301.0000,69000
1494401941,301.2000,301.4000,300.5500,300.5500,83800
1494402240,301.1500,301.6500,301.0000,301.0000,182900
1494402541,301.1500,301.3500,301.0500,301.1000,58400
1494402843,301.2000,301.3000,301.1000,301.1000,51700
1494403141,301.0500,301.2000,300.7000,301.1500,86100
1494403441,300.4000,301.1500,300.3000,301.0000,114600
1494403742,300.5000,300.7000,300.1000,300.2000,157100
1494404042,300.1000,300.5500,300.0000,300.5500,204300
1494404340,299.8000,300.1500,299.3500,300.1500,273200
1494404645,299.9000,300.1000,299.7000,299.7000,87000
1494404940,299.6500,300.0000,299.5000,299.8500,67200
1494405241,299.7000,299.9500,299.6000,299.6000,76700
1494405540,299.2500,299.9000,299.2500,299.6500,91000
1494405841,299.2000,299.5000,298.7500,299.3000,182900
1494406140,299.0500,299.5000,298.8000,299.1500,90300
1494406440,299.0000,299.4000,298.7000,299.0000,135900
1494406742,299.3000,299.4500,298.8500,298.9000,109700
1494407098,299.2000,299.4000,299.1000,299.4000,81400
1494407340,299.0000,299.2500,298.8000,299.2500,94400
1494407640,298.1500,299.0000,297.6500,298.9000,296300
1494407942,298.5500,298.7000,298.0500,298.0500,127500
1494408240,298.1500,299.1500,297.4000,298.6500,479500
1494408542,298.1000,298.5000,297.8000,298.2000,159500
1494408841,298.8500,298.9500,297.9500,298.0000,172600
1494409142,298.3000,298.9000,298.3000,298.9000,145600
1494409444,298.7000,298.7000,298.0000,298.2500,253000
1494409740,298.9500,299.2500,298.2000,298.6500,313000
1494410040,298.9500,299.0000,298.3000,298.9000,279400
1494410341,298.9000,299.2500,298.8000,298.8000,259000
1494410400,298.6500,298.6500,298.6500,298.6500,0
1494474540,300.0500,301.3000,300.0000,301.0000,479400
1494474842,300.0500,300.2000,299.7000,300.0000,189700
1494475144,300.4500,300.7500,299.9000,300.1000,136200
1494475443,300.3500,300.5500,300.0000,300.4000,89300
1494475741,299.8500,300.4000,299.8000,300.4000,70600
1494476040,299.7000,300.0000,299.5500,299.8000,73800
1494476341,299.7500,300.0000,299.7500,299.7500,76500
1494476643,300.3000,300.3500,299.7500,299.8000,135400
1494476944,300.1500,300.3500,299.9000,300.2500,83700
1494477241,300.0000,300.2000,299.8000,300.0500,52500
1494477543,299.6500,300.0000,299.6000,299.9500,53300
1494477843,300.0000,300.2500,299.6500,299.7500,71600
1494478142,300.1500,300.2000,299.9000,299.9500,52000
1494478442,299.9500,300.3000,299.8000,300.1000,105500
1494478742,300.0500,300.2500,299.9000,299.9000,52700
1494479040,300.2500,300.3000,300.0500,300.1000,64900
1494479340,300.5500,300.7000,300.1500,300.2000,122900
1494479641,300.4000,300.5000,300.3000,300.5000,58500
1494479999,300.4500,300.5000,300.1500,300.5000,78300
1494480244,300.2500,300.5000,300.0000,300.5000,148600
1494480599,300.9000,301.1500,300.0000,300.1000,317700
1494480841,301.1000,301.3000,300.7000,300.8500,123700
1494481144,301.3000,301.3000,300.9500,301.0500,102100
1494481498,301.0500,301.2500,300.9500,301.2500,117700
1494481742,301.1000,301.1500,300.9500,301.0000,90200
1494482040,300.9500,301.1500,300.5000,301.1500,144100
1494482341,301.0000,301.1000,300.9500,301.0000,53100
1494482641,301.5500,301.7000,300.7500,300.9500,215700
1494482940,302.0000,302.0000,301.5000,301.5000,320100
1494483241,301.8500,302.1500,301.5000,301.9500,216100
1494483543,302.1000,302.2000,301.8500,301.9000,115800
1494483841,301.7500,302.1000,301.6000,302.1000,105800
1494484140,301.9000,302.0000,301.6500,301.8500,107600
1494484441,301.9000,302.0000,301.7500,301.8500,104000
1494484742,301.9500,302.0000,301.7500,301.8500,108400
1494485040,301.6000,301.9500,301.5000,301.9000,62600
1494485399,301.4500,301.8500,301.3500,301.6500,36900
1494485646,301.2500,301.7500,301.1500,301.5500,70400
1494485941,301.1000,301.3000,300.8000,301.3000,97900
1494486244,301.9000,301.9500,301.0000,301.0500,101200
1494486541,301.9000,301.9500,301.4500,301.9500,65000
1494486841,301.8500,301.9500,301.5000,301.8500,70600
1494487140,302.1500,302.2000,301.7000,301.8500,113300
1494487441,302.1500,302.5000,302.0500,302.1500,164800
1494487798,301.7500,302.4500,301.6500,302.3000,95500
1494488096,301.6500,301.8000,301.5500,301.7500,46600
1494488340,301.3500,301.7000,301.3500,301.6000,91200
1494488644,301.3000,301.5000,301.0000,301.3000,129200
1494488943,301.3500,301.4500,300.7500,301.2000,140900
1494489299,300.6000,301.4500,300.5000,301.4500,122300
1494489597,301.2500,301.4000,300.5000,300.7000,132400
1494489841,300.8500,301.2500,300.7500,301.2000,84500
1494490141,301.1500,301.5000,300.7500,300.9500,90000
1494490441,301.3000,301.5000,300.8000,301.3000,152400
1494490741,300.9000,301.4500,300.8500,301.3500,77000
1494491044,301.1500,301.3000,300.8000,301.0000,65100
1494491341,300.9500,301.2500,300.9500,301.2500,46800
1494491642,300.7500,301.0500,300.6500,301.0500,119200
1494491942,301.3000,301.3500,300.6000,300.7000,89500
1494492299,300.9500,301.3500,300.8000,301.3500,72900
1494492540,301.1000,301.2000,300.8000,300.9000,54600
1494492842,301.3000,301.3500,301.0500,301.1500,54800
1494493147,301.4000,301.4500,301.2500,301.2500,67500
1494493442,301.2000,301.4000,301.1000,301.3000,72000
1494493740,301.1500,301.3500,301.0000,301.1000,57900
1494494041,301.3500,301.4000,301.0000,301.2000,96600
1494494341,301.1500,301.4500,300.9000,301.2500,66600
1494494640,301.3000,301.4500,301.0500,301.0500,96400
1494494941,301.0500,301.4000,300.9500,301.2500,93800
1494495241,300.5000,301.1500,300.2000,300.9500,503400
1494495541,300.0000,300.5000,299.8000,300.4500,351400
1494495842,300.2500,300.3000,299.9000,300.0500,215500
1494496146,300.1500,300.5000,300.0000,300.3000,323200
1494496499,299.8000,300.4500,299.7000,300.2000,270200
1494496743,299.5500,300.1000,299.5500,299.8500,221200
1494496800,299.9500,299.9500,299.9500,299.9500,0
1494560943,299.5000,300.2000,298.2500,300.1000,0
1494561242,299.5500,300.5500,299.3000,299.7000,225500
1494561544,299.3000,299.8000,298.9000,299.5000,183500
1494561841,298.3000,299.4500,298.0500,299.3500,204500
1494562142,298.3000,298.5000,297.4000,298.2000,205300
1494562441,298.2500,298.9000,298.0500,298.4500,131500
1494562740,297.7000,298.2500,297.1500,298.2000,221600
1494563040,296.3000,297.8000,295.4500,297.6500,470600
1494563340,296.3500,296.4500,295.1500,296.2500,286600
1494563643,296.7000,297.1000,296.3000,296.3000,280100
1494563940,296.8500,297.0000,296.5000,296.8000,76100
1494564240,297.1500,297.3500,296.8000,296.8000,95200
1494564546,296.7000,297.2000,296.5000,297.2000,95900
1494564841,296.7500,297.0000,296.5000,296.6500,107200
1494565142,296.5000,296.9000,296.5000,296.9000,61100
1494565443,295.8500,296.5500,295.4000,296.5500,356200
1494565741,295.4500,296.0000,295.3000,295.7500,185000
1494566041,295.5500,295.7000,295.4500,295.5000,106100
1494566399,295.8000,295.8500,295.5000,295.5000,118600
1494566645,296.6000,296.6000,295.7500,295.7500,92500
1494566940,296.0000,296.5500,295.7000,296.5500,105800
1494567243,296.1500,296.5500,296.0000,296.0500,107900
1494567543,296.5000,296.5000,296.1000,296.2000,55300
1494567842,296.7500,296.8000,296.2500,296.4000,81100
1494568144,296.8000,296.9500,296.5000,296.8000,95900
1494568499,296.7000,296.9000,296.4500,296.7500,105200
1494568741,296.6500,296.8000,296.6000,296.6500,82800
1494569040,296.8000,296.8000,296.4500,296.6000,72000
1494569340,297.0000,297.1500,296.7000,296.7500,148800
1494569644,297.3500,297.4500,296.9500,296.9500,114100
1494569942,297.4500,297.4500,297.1000,297.4000,128500
1494570241,297.5000,297.5000,297.2000,297.4000,126800
1494570540,297.9500,298.3000,297.5000,297.5500,320700
1494570840,298.0500,298.2000,297.8500,298.0000,323300
1494571140,297.1500,298.2000,296.6000,298.0000,251100
1494571443,297.1000,297.6500,296.7500,297.1000,265100
1494571740,298.0000,298.1000,297.1000,297.1500,205200
1494572099,298.0000,298.1500,297.7500,298.0500,107000
1494572344,297.5500,298.0000,297.5000,297.9500,143900
1494572640,297.4500,297.6000,297.3500,297.6000,78900
1494572943,297.5500,297.5500,297.1000,297.4000,72700
1494573240,297.4500,297.6000,297.4000,297.5000,68400
1494573541,297.2500,297.4000,297.1000,297.2500,85700
1494573841,297.4000,297.5000,297.2500,297.3000,112100
1494574142,297.5500,297.9500,297.3500,297.3500,113600
1494574441,297.6000,297.6000,297.3500,297.6000,67200
1494574743,297.5500,298.0000,297.5000,297.5500,212900
1494575040,297.6500,297.7000,297.5000,297.5000,41700
1494575340,297.4000,297.6500,297.1000,297.6000,179300
1494575643,297.8000,297.8000,297.3500,297.5000,46500
1494575941,297.5500,297.9000,297.5000,297.7500,75000
1494576241,298.0500,298.0500,297.5000,297.5000,102000
1494576540,297.7500,298.0500,297.6000,298.0000,108600
1494576843,297.8000,297.8500,297.6000,297.8000,111100
1494577140,297.9500,298.1000,297.7500,297.7500,147600
1494577440,298.1500,298.1500,297.9500,298.0000,78300
1494577740,294.7000,298.2500,293.6000,298.1000,1580300
1494578040,295.8000,296.1000,294.5000,294.6000,753000
1494578342,295.0000,296.1500,294.8500,295.8500,364200
1494578640,295.5000,295.9500,294.9500,294.9500,366900
1494578940,295.8500,295.8500,295.2000,295.4000,121900
1494579243,296.2500,296.4000,295.7000,295.7000,132000
1494579540,296.5000,296.6500,296.0000,296.1500,190400
1494579841,295.8500,296.5500,295.7000,296.4000,178300
1494580141,295.6000,295.8000,294.8000,295.8000,200500
1494580499,295.3000,295.5500,294.9000,295.5500,229000
1494580743,295.0500,295.3500,294.5000,295.3500,205900
1494581098,296.0000,296.3500,295.1000,295.1000,243300
1494581343,296.0500,296.1000,295.6000,295.9000,162200
1494581641,296.5000,296.7000,296.0000,296.0000,278600
1494581998,296.7500,297.0000,296.3500,296.4500,319100
1494582242,296.4000,297.0500,296.1500,296.8000,277800
1494582542,296.4000,296.7000,296.2500,296.4500,526500
1494582842,296.7000,296.8500,296.3000,296.3500,307800
1494583140,296.6000,297.0000,296.6000,296.8000,167800
1494820140,301.8500,302.1500,298.2000,299.5500,0
1494820441,301.7500,302.2500,301.1500,302.0500,641300
1494820740,303.0500,303.5000,301.6500,301.6500,889200
1494821043,302.0000,303.4000,301.8000,303.1500,354700
1494821340,301.8000,302.5000,301.6500,301.9000,195100
1494821642,301.4500,301.9000,301.1000,301.9000,199100
1494821940,302.0000,302.1000,301.3500,301.5000,365400
1494822243,302.2500,302.6000,301.9500,301.9500,190900
1494822597,301.6500,302.3000,301.4000,302.3000,218300
1494822842,301.6000,301.8500,301.5000,301.7000,107600
1494823144,301.8000,301.9000,301.5000,301.6500,144500
1494823440,302.2500,302.4000,301.8000,301.8500,195800
1494823745,302.0500,302.2000,301.8500,302.1500,91700
1494824098,302.0500,302.2000,301.8000,302.0000,107300
1494824341,302.1000,302.3000,301.7500,302.1000,150000
1494824641,301.3500,302.3000,300.5000,302.1500,840900
1494824943,302.0000,302.0500,301.2500,301.4000,154700
1494825240,302.1000,302.2000,302.0000,302.0500,212500
1494825599,302.1500,302.2000,301.9500,302.0500,187400
1494825840,301.8500,302.1500,301.8000,302.1000,68000
1494826146,301.9500,302.1500,301.8000,301.8000,71100
1494826440,301.4500,301.9500,301.4000,301.9000,105200
1494826746,301.6000,301.8500,301.1000,301.3500,122500
1494827044,301.7000,301.8000,301.5500,301.5500,39500
1494827343,301.7000,301.7500,301.6500,301.7500,67500
1494827640,302.0000,302.0000,301.6000,301.6500,74300
1494827949,301.8500,302.1000,301.8000,301.9500,136700
1494828240,301.9500,302.1000,301.9000,301.9000,68700
1494828541,302.2000,302.2000,301.8500,301.9000,74000
1494828843,302.1000,302.2500,301.7000,302.1500,113000
1494829146,301.8500,302.2000,301.8000,302.0500,92500
1494829441,302.1000,302.2500,301.8000,301.9000,75000
1494829745,302.1000,302.2000,302.0000,302.0500,90800
1494830041,302.7000,302.8000,302.0500,302.0500,278500
1494830340,302.1000,302.6500,302.1000,302.6500,293100
1494830640,302.5000,302.5500,302.0000,302.1500,108900
1494830941,302.2000,302.5000,302.0000,302.4500,110900
1494831242,302.3500,302.5000,302.1000,302.1500,76500
1494831544,302.2000,302.3500,302.1000,302.3000,86600
1494831847,302.4000,302.5000,302.2500,302.2500,99200
1494832141,302.3500,302.4500,302.3000,302.4500,94700
1494832440,303.0000,303.3000,302.3000,302.3000,357500
1494832741,302.4500,302.8000,302.3000,302.6000,103600
1494833041,301.7500,302.4500,301.6500,302.4500,334100
1494833342,301.9500,302.4000,301.8000,301.8500,176800
1494833699,302.2000,302.2000,301.8000,301.9000,138200
1494833940,302.1000,302.2000,302.0000,302.1500,68100
1494834241,301.9000,302.1000,301.8000,302.0500,83700
1494834540,301.6000,302.1500,301.6000,302.0000,132200
1494834840,302.0500,302.1000,301.4000,301.5500,176800
1494835141,302.1000,302.2000,302.0000,302.0000,169500
1494835446,302.0000,302.2500,301.7500,302.0500,183200
1494835746,301.9500,302.0500,301.7500,301.9500,47800
1494836043,302.0500,302.2000,301.9000,301.9000,104200
1494836340,302.1000,302.2500,302.0000,302.1000,47400
1494836640,302.2000,302.2500,302.0000,302.0500,44400
1494836941,302.2500,302.2500,302.0500,302.2500,67400
1494837247,302.4500,302.4500,302.1500,302.2000,62700
1494837541,302.7500,302.8500,302.3500,302.4000,179700
1494837841,302.5000,302.8000,302.3500,302.7000,121100
1494838141,302.4000,302.6000,302.1500,302.4500,155000
1494838440,302.5500,302.6000,302.2000,302.3500,106500
1494838740,302.3000,302.6500,302.0500,302.5000,101000
1494839099,302.2500,302.7000,302.2500,302.3500,168300
1494839343,302.3500,302.4500,302.2000,302.3000,119300
1494839641,302.2500,302.4000,302.0000,302.3000,180800
1494839943,302.2500,302.3000,301.9500,302.3000,223400
1494840240,302.4000,302.4500,302.1000,302.1500,78900
1494840543,302.5500,302.6000,302.3000,302.4500,193300
1494840841,302.5000,302.5500,302.3000,302.5000,199700
1494841199,302.4000,302.5500,302.2500,302.4500,334200
1494841441,302.1000,302.5000,301.9000,302.3500,423100
1494841740,301.9000,302.7500,301.9000,302.2500,793900
1494842041,301.0000,302.1000,300.8500,301.8500,988500
1494842340,301.2000,301.7000,300.9000,300.9500,405200
1494842400,301.8000,301.8000,301.8000,301.8000,0
