1492746557,1564.0000,1565.0000,1556.4500,1557.7000,3800
1492746859,1560.0000,1564.0000,1556.7500,1563.6500,2900
1492747159,1562.3500,1563.1000,1559.0000,1559.6000,1500
1492747458,1565.8500,1566.3500,1562.4000,1562.4000,2200
1492747740,1575.0000,1579.4500,1566.0000,1566.0000,11000
1492748050,1572.1500,1577.0000,1572.0500,1577.0000,3200
1492748342,1574.9500,1576.1500,1572.0000,1572.1000,1700
1492748657,1576.5500,1577.0000,1575.4000,1575.6000,1400
1492748956,1579.2000,1581.3500,1576.9500,1576.9500,6000
1492749240,1578.0000,1579.3000,1573.0000,1579.0000,3600
1492749540,1574.9000,1577.4000,1570.3500,1575.9500,4700
1492749857,1569.5000,1574.3000,1562.0000,1574.3000,7300
1492750141,1569.0000,1576.3000,1566.0000,1569.8500,3700
1492750474,1570.0000,1575.4500,1566.6000,1570.0000,2500
1492750768,1569.9500,1570.0000,1569.8500,1569.9500,200
1492750992,1570.0000,1570.0000,1569.8500,1570.0000,700
1492751341,1569.7500,1570.0000,1569.7500,1569.9500,500
1492751652,1570.0000,1570.0000,1569.9500,1570.0000,1100
1492751886,1570.0000,1570.0000,1569.9000,1569.9500,300
1492752252,1570.0000,1570.0000,1569.8500,1569.9500,2500
1492752582,1570.0000,1570.0000,1568.0000,1568.0000,400
1492752721,1570.0000,1570.0000,1569.8000,1569.9000,300
1492753152,1570.0000,1570.0000,1569.9000,1569.9500,800
1492753452,1569.9500,1570.0000,1569.7000,1569.9500,400
1492753692,1570.0000,1570.0000,1569.9000,1569.9000,700
1492754001,1570.0000,1570.0000,1569.9500,1569.9500,1900
1492754367,1569.9500,1570.0000,1569.9000,1569.9500,1500
1492754940,1569.6500,1570.0000,1569.2000,1569.9500,600
1492755273,1569.7500,1569.7500,1568.5500,1568.5500,700
1492755593,1569.4000,1570.0000,1568.9000,1569.3500,500
1492755862,1569.9000,1570.0000,1569.7500,1569.9500,300
1492756152,1570.0000,1570.0000,1569.9000,1570.0000,300
1492756452,1569.7000,1570.0000,1568.0000,1569.9000,800
1492756763,1570.0000,1570.0000,1569.7500,1570.0000,400
1492757069,1570.0000,1570.0000,1569.9500,1569.9500,300
1492757348,1570.0000,1570.0000,1569.8500,1569.9500,400
1492757544,1570.0000,1570.0000,1569.9000,1569.9500,1200
1492757896,1570.0000,1570.0000,1569.9500,1569.9500,300
1492758144,1570.0000,1570.0000,1569.9500,1569.9500,800
1492758589,1569.5000,1569.9500,1569.5000,1569.7500,700
1492758864,1569.8500,1570.0000,1569.0000,1569.0000,1000
1492759164,1567.3000,1569.8500,1567.2500,1569.8500,700
1492759446,1567.2000,1569.2500,1567.2000,1568.4500,500
1492759797,1567.5000,1568.7000,1567.0000,1568.7000,400
1492760042,1562.4000,1567.9000,1558.1000,1567.9000,6100
1492760390,1564.7000,1565.0000,1563.4500,1563.7000,400
1492760640,1562.0000,1565.0000,1562.0000,1564.8000,900
1492760949,1561.4500,1562.5000,1560.0000,1560.3000,800
1492761243,1561.9500,1563.0000,1560.2000,1561.7000,1300
1492761558,1563.0000,1563.0000,1561.8500,1561.8500,500
1492761894,1565.6500,1565.6500,1562.8500,1562.8500,300
1492762160,1561.0000,1566.3000,1561.0000,1565.8000,2700
1492762440,1565.0000,1565.0000,1560.2500,1560.8000,1600
1492762794,1564.9500,1565.0000,1564.7500,1564.8500,300
1492763095,1564.8500,1565.0000,1564.2000,1565.0000,600
1492763354,1565.0000,1565.0000,1563.5500,1564.9500,300
1492763664,1561.4000,1564.8000,1561.2000,1564.8000,1200
1492763964,1563.2500,1563.2500,1562.1000,1562.3500,300
1492764285,1559.0000,1563.7000,1558.0000,1562.9000,600
1492764543,1558.3500,1559.8000,1558.3500,1559.7500,600
1492764849,1555.0000,1558.3000,1552.4500,1558.2500,1800
1492765148,1554.9000,1555.0000,1550.1500,1554.7500,2400
1492765464,1559.9500,1559.9500,1554.7500,1555.2000,600
1492765742,1559.8000,1560.0000,1558.4500,1560.0000,700
1492766042,1559.2500,1561.0000,1559.2500,1559.7000,1100
1492766389,1559.8000,1559.9500,1559.7500,1559.7500,300
1492766647,1560.0000,1560.0000,1559.9000,1559.9500,600
1492766991,1559.4000,1560.0000,1559.0000,1559.9500,900
1492767259,1558.9500,1559.0000,1557.1000,1559.0000,800
1492767540,1557.5000,1559.5500,1557.5000,1558.6000,1000
1492767863,1555.3000,1557.6000,1553.3000,1557.6000,2100
1492768158,1557.5500,1559.0500,1555.2000,1556.0000,3300
1492768444,1555.5500,1558.8000,1550.8000,1557.6500,5600
1492768741,1555.0000,1556.0000,1554.9000,1555.5000,5900
1493005751,1566.7500,1573.5000,1558.0500,1558.0500,0
1493006041,1569.1000,1570.5500,1565.6000,1567.0000,1900
1493006341,1573.0000,1573.5000,1566.1500,1570.4500,2300
1493006647,1575.2000,1575.8000,1569.9500,1573.4000,3800
1493006999,1574.1000,1577.0000,1573.8000,1575.3500,3200
1493007247,1575.0000,1576.4500,1572.5000,1574.0000,2800
1493007542,1574.0000,1575.4000,1570.8000,1574.1500,2000
1493007841,1575.0000,1575.4000,1572.6000,1572.6000,2100
1493008164,1574.4500,1575.4000,1574.4500,1575.4000,1300
1493008462,1574.8500,1575.2500,1574.0000,1575.0000,1500
1493008770,1574.9500,1575.0000,1574.0000,1574.9000,3100
1493009041,1575.0000,1576.5500,1574.0000,1576.5500,2600
1493009348,1575.0000,1575.3500,1574.0000,1574.9500,1800
1493009657,1573.8000,1575.3500,1573.5500,1574.4500,2100
1493009971,1574.0000,1574.0000,1572.1000,1573.7000,1400
1493010243,1574.4500,1575.0000,1572.1000,1573.9000,1300
1493010541,1575.0000,1575.3500,1573.1500,1574.6000,1600
1493010898,1577.8500,1583.9000,1574.2000,1574.9000,18100
1493011140,1580.0000,1580.0000,1577.0500,1577.0500,2500
1493011440,1579.7500,1580.0000,1577.9500,1579.2000,5900
1493011744,1580.0000,1580.0000,1578.7000,1579.8000,16000
1493012041,1580.0000,1580.0000,1578.5500,1579.0500,900
1493012341,1580.2000,1583.0000,1579.8000,1580.0500,2400
1493012698,1579.8500,1582.0000,1579.0000,1580.1500,2700
1493012999,1577.2000,1579.8000,1574.8000,1579.7500,2700
1493013298,1578.0000,1578.6500,1575.2000,1577.1500,1600
1493013542,1571.4000,1579.3000,1571.4000,1577.0000,1500
1493013841,1575.9500,1576.1500,1571.3000,1571.3500,1200
1493014143,1577.3500,1577.7000,1575.1500,1576.0000,1300
1493014441,1573.4000,1577.2500,1572.6000,1577.2500,1700
1493014745,1577.0500,1577.3000,1572.9000,1573.0000,2200
1493015041,1577.0000,1577.0000,1575.2000,1576.5500,2200
1493015341,1575.8000,1577.4000,1575.0000,1576.3000,2900
1493015642,1575.0000,1576.6000,1573.0000,1576.5500,1100
1493015941,1574.5500,1575.3000,1574.1000,1574.9500,1000
1493016263,1575.0000,1575.3500,1574.5500,1574.9000,800
1493016585,1575.0000,1575.4000,1574.4500,1574.5500,1300
1493016841,1575.0000,1575.3000,1574.0000,1574.3500,900
1493017165,1575.0000,1575.2500,1574.0000,1574.9500,900
1493017469,1575.0000,1575.4000,1574.4000,1574.5000,700
1493017798,1575.0000,1575.4000,1574.1000,1574.1000,800
1493018041,1574.9500,1576.6000,1574.3000,1574.3000,1600
1493018345,1574.3500,1575.1500,1574.3500,1575.0000,2900
1493018640,1575.0000,1575.0000,1572.0000,1574.3500,2600
1493018997,1574.9500,1575.2500,1573.6000,1575.0500,1000
1493019243,1575.0000,1575.0000,1574.1000,1574.1000,1500
1493019554,1575.0000,1575.0500,1574.1000,1574.1000,1000
1493019841,1575.0000,1575.3000,1574.2000,1574.2000,1000
1493020197,1575.0000,1575.0500,1574.2000,1574.2000,800
1493020444,1575.0000,1575.3000,1574.2500,1574.6500,2400
1493020740,1574.5000,1575.8500,1573.8500,1574.8000,1700
1493021054,1574.6500,1575.8000,1574.5000,1575.8000,1100
1493021341,1574.3500,1575.6500,1573.7500,1574.5000,800
1493021431,1574.3000,1574.3000,1574.3000,1574.3000,100
1493021958,1574.3000,1575.0000,1574.3000,1575.0000,200
1493022245,1573.9500,1575.0000,1573.9500,1575.0000,1600
1493022540,1566.0000,1574.0000,1565.3500,1573.8500,2100
1493022841,1569.0500,1570.0000,1565.3000,1565.3000,1600
1493023192,1570.9000,1571.3000,1569.1000,1569.1000,1300
1493023321,1571.2000,1573.0000,1570.3000,1571.9500,1500
1493023749,1569.3500,1573.1500,1569.3500,1571.1000,1200
1493024096,1572.7000,1572.7000,1570.0000,1570.6000,500
1493024374,1569.5000,1574.6000,1569.4000,1572.9500,1100
1493024641,1568.0000,1571.0000,1567.0500,1570.5500,2100
1493024881,1568.3500,1569.3000,1568.3000,1568.6000,400
1493025212,1569.0000,1569.5000,1568.3500,1569.2500,200
1493025552,1570.2000,1570.2000,1569.0500,1569.0500,200
1493025865,1570.3500,1570.6500,1569.6000,1569.6000,300
1493026192,1571.6000,1571.6000,1570.4000,1570.5500,600
1493026495,1573.0000,1573.5500,1571.9500,1571.9500,900
1493026755,1575.3000,1575.3000,1572.9000,1573.4500,1300
1493027043,1576.7500,1579.5000,1574.0500,1576.0000,5300
1493027340,1574.0000,1578.0000,1574.0000,1576.6000,4000
1493027641,1571.0000,1575.7000,1570.0000,1574.9500,4000
1493027940,1568.3000,1572.3000,1568.1000,1571.2000,4900
1493092140,1580.0000,1583.3000,1575.0500,1575.0500,0
1493092498,1580.0000,1581.3000,1579.3500,1579.9500,3200
1493092756,1580.4000,1580.8500,1578.5000,1580.7500,2600
1493093096,1579.8500,1581.0000,1577.0000,1580.6000,3200
1493093361,1579.7500,1580.0000,1578.0000,1579.0000,800
1493093696,1578.9500,1579.9500,1578.6500,1579.7000,1100
1493093950,1579.5000,1579.8000,1578.3000,1578.9000,700
1493094240,1579.5000,1579.8000,1578.7500,1579.6500,600
1493094541,1576.0000,1579.5000,1575.4000,1579.2500,800
1493094895,1571.4500,1576.5500,1570.0000,1576.5500,1900
1493095140,1571.6500,1573.3000,1571.0000,1571.3500,1400
1493095440,1572.0000,1572.6500,1571.0000,1571.1500,600
1493095740,1574.2500,1574.4000,1571.4000,1571.4000,700
1493096077,1575.6500,1575.8000,1574.0000,1574.3000,500
1493096340,1575.3500,1576.4500,1574.0000,1575.6000,900
1493096645,1576.5000,1576.5000,1575.0000,1575.1000,300
1493096945,1575.9500,1576.5000,1575.0000,1575.5500,600
1493097271,1577.0000,1577.8000,1575.1000,1575.1000,1500
1493097544,1577.6000,1578.5000,1577.0000,1577.0500,1200
1493097841,1573.9000,1577.2500,1573.0500,1577.0500,2000
1493098160,1573.8500,1573.9000,1571.9000,1573.7500,600
1493098440,1573.2500,1575.0000,1572.0500,1573.6500,1000
1493098750,1567.1500,1575.7000,1567.1000,1572.5500,4200
1493099040,1569.3500,1574.9500,1567.1500,1567.7000,4600
1493099395,1571.3500,1573.8500,1569.5000,1569.8500,700
1493099640,1574.3000,1574.6500,1570.4000,1571.3000,700
1493099997,1572.3500,1574.3000,1571.2500,1574.2500,1900
1493100251,1573.3000,1573.5000,1570.2000,1573.2500,2700
1493100599,1573.0000,1574.9500,1572.4000,1572.4000,2400
1493100860,1573.1500,1574.4500,1572.9000,1574.3000,700
1493101199,1572.8500,1573.2500,1572.3000,1573.2500,1100
1493101495,1572.8000,1573.2500,1572.2500,1573.0000,600
1493101767,1573.0000,1574.4500,1572.4500,1573.1000,1800
1493102040,1595.0000,1595.0000,1573.0000,1574.4500,37000
1493102399,1606.2500,1614.9500,1593.0500,1594.5000,48600
1493102642,1615.7500,1617.6500,1604.7000,1607.2500,33400
1493102940,1622.0500,1624.4500,1612.8000,1615.0000,51800
1493103242,1626.9000,1631.7000,1622.0500,1622.5000,48800
1493103541,1625.0000,1629.3500,1620.1500,1626.5000,18400
1493103891,1624.2000,1628.0000,1623.6500,1625.5500,9500
1493104145,1622.2500,1624.9500,1621.6000,1624.7000,5800
1493104441,1618.4000,1625.0000,1618.0000,1623.6000,8500
1493104742,1618.0000,1619.4500,1610.5500,1618.0000,14300
1493105097,1617.0500,1619.9500,1615.6000,1617.7500,5000
1493105345,1614.1000,1618.8500,1614.1000,1616.0500,2500
1493105645,1616.0000,1617.9000,1614.3000,1614.3000,3200
1493105945,1615.5000,1617.9500,1615.5000,1617.9500,1700
1493106250,1614.5000,1615.5500,1614.4500,1615.5500,1200
1493106540,1605.8500,1614.3000,1601.2500,1614.0000,15500
1493106840,1608.1000,1612.5500,1605.0500,1605.6500,6300
1493107140,1605.6000,1608.9500,1605.0000,1607.0000,2600
1493107442,1605.1500,1606.9500,1603.6000,1606.0000,5500
1493107786,1607.3500,1607.9000,1604.2500,1604.2500,1800
1493108041,1607.6000,1609.0500,1605.0500,1607.0000,3200
1493108343,1607.3000,1610.0000,1606.7500,1607.2500,1500
1493108698,1609.8000,1610.0000,1607.3500,1607.3500,3200
1493108999,1612.3500,1614.5500,1608.0500,1610.0000,5100
1493109243,1612.3500,1615.4500,1612.2500,1613.0000,6500
1493109543,1614.4500,1615.3500,1612.7000,1614.2500,2100
1493109843,1615.7500,1615.7500,1612.1000,1613.3500,4000
1493110142,1611.3000,1615.7000,1611.0000,1615.4500,1900
1493110473,1609.6500,1612.9500,1606.0000,1612.0000,4400
1493110744,1608.1500,1610.9500,1606.1500,1609.5500,3100
1493111043,1610.3000,1611.3000,1606.3000,1607.1500,2900
1493111393,1608.5500,1611.9500,1608.1000,1610.4500,1900
1493111642,1607.2500,1609.8500,1607.2500,1608.1500,1700
1493111999,1610.0000,1610.9500,1606.5000,1607.2000,1800
1493112243,1608.6000,1611.9000,1608.3000,1610.0500,1900
1493112542,1611.0000,1611.0000,1608.0000,1609.4500,2500
1493112844,1608.9000,1613.1000,1608.0000,1610.1500,8600
1493113142,1602.3000,1608.9000,1596.1000,1608.0000,18000
1493113445,1596.9500,1604.2000,1594.0000,1602.0000,11100
1493113744,1596.6000,1599.9000,1594.0000,1594.0000,12000
1493114040,1593.0000,1598.1500,1593.0000,1597.0000,9300
1493114340,1590.7000,1595.0000,1590.2000,1593.5000,9500
1493178540,1612.0500,1615.0000,1601.1000,1601.1000,0
1493178845,1611.7500,1614.8000,1610.0000,1612.5000,4600
1493179152,1610.2500,1611.9000,1610.0000,1611.7000,3600
1493179497,1611.6000,1615.0000,1610.0000,1610.1000,3100
1493179755,1613.6000,1613.6000,1610.4000,1611.3000,2400
1493180041,1618.9500,1621.4500,1612.3500,1612.3500,11800
1493180340,1623.5000,1624.0000,1618.0000,1619.0000,11600
1493180640,1623.6000,1626.9500,1622.2000,1623.3000,13500
1493180945,1622.0000,1624.8500,1620.0000,1623.7500,3700
1493181241,1616.0500,1624.8000,1615.1000,1621.5500,6300
1493181541,1617.0000,1620.9500,1614.1500,1615.1500,7600
1493181840,1609.0000,1616.6500,1608.6000,1616.6500,5500
1493182140,1613.3000,1617.4000,1609.0000,1609.1000,2400
1493182440,1610.6500,1615.4500,1610.0000,1613.4000,3400
1493182740,1609.2500,1612.6500,1608.8500,1610.3000,4400
1493183040,1611.3500,1611.3500,1609.0500,1609.3000,2800
1493183344,1611.5000,1612.2000,1610.2500,1611.0000,1500
1493183645,1608.1000,1611.5000,1608.0500,1611.4500,2900
1493183940,1608.3000,1609.4000,1608.0000,1608.2500,1700
1493184240,1607.6000,1608.0000,1606.0500,1608.0000,2200
1493184551,1607.0500,1609.3500,1606.7000,1608.8000,700
1493184846,1606.6500,1608.1000,1606.6000,1607.1000,800
1493185196,1607.8000,1608.1500,1606.4500,1606.7500,1600
1493185454,1607.8000,1607.8000,1606.4500,1607.7000,1200
1493185741,1610.0000,1610.0000,1607.8500,1607.8500,1200
1493186051,1609.0000,1610.8500,1608.0000,1610.8500,3300
1493186342,1616.0000,1618.0000,1609.0000,1609.1000,4000
1493186641,1618.0000,1622.9500,1616.0000,1616.6500,8400
1493186943,1612.7500,1616.0000,1608.0500,1616.0000,4900
1493187182,1612.1000,1612.9000,1611.0000,1612.8000,1100
1493187555,1610.0000,1612.8500,1609.0500,1612.0500,1900
1493187844,1611.3000,1613.4500,1610.0000,1610.5500,1300
1493188191,1610.1500,1611.3000,1610.1000,1611.2500,600
1493188498,1608.5000,1610.7000,1608.5000,1610.7000,2500
1493188754,1608.3500,1608.4000,1608.1000,1608.4000,900
1493189048,1607.5500,1608.8500,1607.5500,1608.2500,1400
1493189390,1608.5500,1609.4500,1607.5000,1607.6000,1400
1493189690,1608.0000,1609.8500,1607.8000,1607.8000,1100
1493189951,1606.0500,1608.4500,1606.0500,1608.4500,1100
1493190242,1596.3000,1606.4500,1589.5500,1606.3500,10900
1493190546,1595.1000,1597.8000,1592.0000,1595.5000,3600
1493190852,1598.0000,1598.4000,1595.9000,1595.9000,1200
1493191150,1603.5500,1604.9000,1598.6000,1598.6000,1800
1493191496,1603.1000,1605.0000,1602.0000,1605.0000,2300
1493191792,1597.0000,1603.0000,1593.0000,1603.0000,4300
1493192094,1600.9500,1600.9500,1596.9500,1596.9500,1000
1493192360,1597.7000,1600.8000,1597.7000,1600.8000,300
1493192648,1600.2500,1600.4000,1596.0500,1597.5500,1100
1493192955,1601.4500,1601.5000,1598.3000,1599.9000,1000
1493193244,1601.0000,1601.8000,1601.0000,1601.5000,1000
1493193591,1596.6000,1601.9000,1596.4000,1601.9000,1200
1493193850,1595.4500,1597.2500,1595.0000,1597.2000,1300
1493194191,1595.2500,1596.3500,1594.3500,1595.5500,1100
1493194455,1596.2000,1597.4500,1594.0000,1595.4000,800
1493194756,1597.5000,1597.5000,1596.0000,1596.1500,1300
1493195097,1595.0500,1597.4500,1595.0500,1597.4500,500
1493195359,1593.3000,1596.9500,1593.2500,1595.4000,2200
1493195691,1597.3000,1598.2500,1593.5000,1593.5000,2700
1493195951,1596.6000,1599.9500,1595.1000,1596.6500,1200
1493196248,1592.5000,1596.4000,1592.2000,1596.4000,2000
1493196541,1588.0000,1592.2000,1580.0500,1592.2000,6900
1493196843,1586.3000,1588.1000,1585.0000,1587.2500,1900
1493197141,1585.0000,1588.8000,1584.6500,1586.0000,2200
1493197443,1580.0000,1584.4000,1580.0000,1584.3000,4800
1493197751,1590.0000,1590.9500,1580.0000,1581.0000,2700
1493198041,1586.4000,1591.9000,1585.0000,1590.3000,1600
1493198386,1589.7500,1590.0000,1584.0000,1586.3500,2600
1493198696,1586.6000,1589.7000,1585.0000,1589.7000,1400
1493198962,1594.1000,1594.9000,1586.2500,1587.8000,5500
1493199243,1589.0000,1594.8500,1587.9500,1594.8500,2200
1493199589,1589.3000,1589.9000,1586.0000,1588.7000,2900
1493199898,1587.5500,1589.7500,1585.0000,1589.0000,3400
1493200143,1589.9500,1589.9500,1578.5500,1587.4000,7800
1493200446,1592.3000,1593.0000,1587.5000,1588.9000,7300
1493200740,1589.0500,1593.7000,1587.5000,1592.0500,2900
1493264999,1604.3500,1608.8500,1601.0000,1601.0000,0
1493265293,1617.6000,1623.2500,1606.0000,1606.0000,27700
1493265540,1626.4000,1626.4000,1618.4500,1618.9000,37100
1493265842,1634.9000,1635.0000,1625.0000,1626.5000,51600
1493266140,1632.0000,1634.9500,1626.7500,1634.6500,22000
1493266440,1631.0000,1632.0000,1628.2500,1631.9500,13700
1493266797,1617.4500,1632.0000,1616.6500,1631.2500,16900
1493267099,1623.9500,1626.9500,1609.0000,1618.3000,23500
1493267340,1624.0000,1625.5000,1623.0000,1624.2500,3500
1493267644,1622.7000,1626.0000,1622.0000,1624.2500,5000
1493267940,1618.5500,1622.9000,1616.0500,1622.0000,10600
1493268240,1617.9000,1620.0000,1615.1500,1619.3000,7300
1493268541,1622.7500,1624.8500,1617.9000,1617.9500,6900
1493268841,1625.9000,1625.9000,1620.0000,1622.8000,6100
1493269140,1627.7000,1629.7500,1625.0000,1625.8000,8300
1493269441,1627.9000,1628.0000,1625.0000,1626.4000,2500
1493269740,1626.8000,1628.0000,1625.4000,1627.0000,2100
1493270098,1625.0000,1627.0000,1624.2500,1626.5500,3800
1493270399,1622.1000,1625.0000,1620.5000,1624.0000,5000
1493270646,1620.6000,1623.3000,1620.0000,1623.3000,2400
1493270947,1624.6500,1624.9500,1620.0000,1620.0500,2000
1493271240,1622.1500,1624.6500,1621.0000,1623.1500,1500
1493271552,1621.8500,1622.2000,1620.0000,1622.2000,1800
1493271852,1620.9500,1621.9000,1620.0000,1621.9000,1300
1493272142,1621.1500,1622.0000,1620.0000,1620.6000,1400
1493272449,1620.1000,1621.7000,1620.0000,1621.1000,1700
1493272740,1619.9500,1621.4500,1619.0000,1620.0000,1700
1493273051,1619.8000,1622.1500,1619.0000,1619.0000,1300
1493273396,1618.7500,1621.8500,1617.0500,1619.5000,4200
1493273644,1618.4000,1620.0000,1617.2000,1617.2500,1500
1493273949,1614.9500,1619.0000,1613.2000,1617.7000,6800
1493274240,1616.8000,1617.8000,1614.2000,1614.6000,2700
1493274540,1617.4500,1617.8500,1616.0000,1616.8500,1300
1493274853,1616.1500,1617.8000,1616.1000,1617.0000,1300
1493275157,1615.6500,1616.3500,1615.6500,1616.1000,1100
1493275451,1617.3500,1617.3500,1615.1000,1615.6000,2300
1493275750,1617.7500,1618.9000,1616.2000,1617.3000,2800
1493276051,1616.1000,1617.7500,1616.0000,1617.6500,1700
1493276354,1616.9500,1617.9000,1615.1000,1617.4000,1600
1493276656,1616.4000,1617.6500,1615.1000,1616.2500,900
1493276958,1616.0000,1617.3000,1615.0500,1616.0000,1500
1493277240,1617.3500,1617.3500,1615.5000,1615.6000,1400
1493277540,1617.6500,1617.7000,1615.5000,1615.6000,1600
1493277870,1617.0500,1618.0000,1615.5000,1617.0000,1600
1493278150,1623.0500,1623.4500,1617.9500,1617.9500,5300
1493278499,1622.7000,1624.4500,1621.2500,1623.0000,5300
1493278794,1621.4000,1622.7000,1620.2500,1621.2500,2000
1493279097,1619.7000,1621.5000,1618.7000,1621.3500,1400
1493279340,1615.1500,1619.9500,1615.0000,1619.6000,2800
1493279645,1620.2500,1621.2000,1611.9000,1615.0000,7200
1493279971,1619.6000,1620.2500,1616.8500,1620.0500,1400
1493280244,1618.3500,1619.7000,1618.0000,1619.5500,1100
1493280552,1618.4500,1618.5000,1615.3000,1618.0000,1700
1493280841,1616.9500,1618.2500,1615.0500,1616.9000,1000
1493281144,1614.5000,1617.4000,1614.4000,1616.3000,3000
1493281447,1612.6500,1614.9000,1611.0500,1614.4000,3800
1493281745,1612.6000,1613.0000,1611.0000,1612.5000,2400
1493282041,1612.5000,1613.0000,1611.0000,1612.5000,1500
1493282341,1613.8000,1616.6500,1611.4500,1611.4500,1800
1493282647,1614.9500,1615.6500,1612.4000,1612.8500,1600
1493282949,1614.7500,1615.0000,1612.1000,1615.0000,1400
1493283241,1612.9000,1615.0000,1612.1500,1613.5500,1600
1493283545,1610.8000,1612.8000,1610.0000,1612.1500,3200
1493283840,1612.9500,1613.0000,1608.6500,1609.9500,3900
1493284198,1614.1500,1614.6000,1610.8000,1612.8500,2300
1493284440,1617.9000,1617.9000,1612.5000,1614.5000,5400
1493284799,1619.0000,1620.0000,1617.5500,1618.7500,7900
1493285041,1619.0000,1619.9000,1616.7500,1619.8500,4000
1493285348,1620.0000,1620.3500,1617.2000,1619.1500,7600
1493285641,1617.5500,1620.9500,1615.3000,1619.2000,7500
1493285940,1610.0000,1619.0000,1609.0000,1615.8000,15900
1493286241,1609.5000,1610.0000,1606.2500,1609.9500,13400
1493286541,1609.5500,1610.0000,1602.9000,1608.5500,22100
1493286848,1616.0000,1616.6000,1607.7000,1609.0000,18200
1493287140,1617.9500,1619.7000,1615.0000,1616.6000,11500
1493351341,1649.0000,1654.8500,1635.0000,1635.0000,0
1493351640,1646.1500,1649.4000,1640.0000,1648.3500,45200
1493351940,1647.0000,1650.0000,1644.0000,1648.0000,36500
1493352299,1645.1000,1647.1000,1644.0000,1646.1500,16600
1493352599,1643.9500,1646.4500,1642.0000,1645.0500,10200
1493352840,1642.9500,1645.0000,1642.0000,1643.5500,13600
1493353143,1637.5000,1642.9500,1635.5000,1642.1500,19500
1493353440,1638.0000,1639.9500,1635.9500,1639.0000,10000
1493353742,1639.7000,1640.0000,1637.0000,1637.0000,7000
1493354040,1639.0000,1640.9000,1638.0000,1639.0000,5700
1493354391,1638.1000,1640.3000,1638.1000,1638.9500,4900
1493354651,1642.2000,1643.0000,1638.0000,1638.7000,7500
1493354999,1642.9500,1643.2000,1642.0000,1643.0000,8100
1493355272,1642.0000,1644.0000,1641.6000,1642.5000,5000
1493355540,1638.2000,1642.6500,1638.2000,1642.6500,3300
1493355899,1642.9000,1643.0000,1639.5500,1640.0000,3700
1493356152,1642.2500,1642.9500,1641.0000,1642.2500,2200
1493356450,1639.0000,1642.0500,1639.0000,1641.3000,3800
1493356745,1636.9000,1639.4000,1636.2500,1639.4000,4400
1493357042,1639.2500,1640.0000,1636.8500,1636.8500,4300
1493357347,1638.8500,1639.0000,1637.1000,1639.0000,1800
1493357690,1638.7500,1639.0000,1637.0000,1638.1000,1800
1493357998,1638.6000,1639.9500,1637.2000,1639.1000,1600
1493358299,1637.2000,1638.9000,1637.2000,1638.9000,2800
1493358547,1637.2500,1637.9000,1637.2000,1637.9000,1300
1493358854,1636.8500,1637.7000,1636.8500,1637.2000,2200
1493359141,1630.8000,1636.9500,1625.1000,1636.6500,20500
1493359469,1628.0000,1631.0000,1626.0500,1630.5000,10300
1493359763,1628.0000,1630.0000,1626.4000,1628.8500,5500
1493360099,1629.3500,1629.8500,1627.3000,1627.5000,4800
1493360344,1630.3000,1631.0500,1628.2000,1628.2000,3500
1493360650,1632.7000,1632.8500,1629.4500,1630.0000,2100
1493360940,1632.8500,1633.0000,1632.0000,1632.0500,800
1493361288,1629.2000,1632.7500,1629.2000,1632.7500,2400
1493361575,1629.4000,1630.0000,1629.2000,1629.2500,1600
1493361867,1629.0000,1629.4000,1628.0000,1629.2500,2700
1493362142,1629.0000,1629.5000,1627.5500,1628.5000,2000
1493362499,1628.4500,1629.0000,1626.6000,1628.5000,4500
1493362753,1629.0000,1629.0000,1626.7000,1626.7000,3300
1493362989,1630.9000,1631.1000,1628.1000,1628.1000,2100
1493363343,1632.0000,1633.0000,1630.2000,1630.5000,2200
1493363658,1631.8000,1632.2500,1630.2000,1632.2000,1500
1493363940,1630.2500,1631.5000,1630.2500,1631.5000,800
1493364256,1630.8000,1630.8000,1629.0000,1630.0000,1400
1493364552,1630.4500,1630.8000,1630.0000,1630.1500,700
1493364886,1628.9000,1630.4500,1628.1500,1630.0000,4000
1493365197,1628.0000,1629.0000,1628.0000,1628.4500,1900
1493365486,1629.0000,1629.9000,1628.0000,1628.2000,1000
1493365757,1628.0500,1629.5500,1628.0000,1629.1000,700
1493366087,1627.5500,1628.9500,1627.0000,1628.9500,1900
1493366340,1624.9500,1627.9500,1623.1500,1627.7000,6400
1493366687,1625.5500,1627.0000,1623.8500,1624.8500,2200
1493366951,1626.5000,1627.9000,1624.4500,1626.0000,7500
1493367241,1628.2000,1628.2500,1625.5000,1626.0500,2300
1493367579,1631.0000,1631.4500,1627.4500,1627.9500,6400
1493367856,1631.0000,1637.0000,1631.0000,1631.3000,9600
1493368156,1632.0000,1633.8500,1631.1500,1631.1500,5000
1493368445,1631.5500,1633.9500,1631.5500,1632.5000,2400
1493368798,1628.1000,1631.5000,1627.7000,1631.5000,3100
1493369046,1626.2000,1628.0500,1626.1500,1628.0500,4400
1493369389,1627.8000,1629.4500,1626.3500,1627.6500,1300
1493369644,1622.0000,1627.9000,1618.1000,1627.9000,11600
1493369940,1626.4000,1627.9500,1621.1000,1622.2500,3600
1493370242,1624.3000,1627.5000,1624.0000,1627.4500,1400
1493370540,1621.0500,1624.8000,1620.0000,1624.8000,8000
1493370848,1618.6500,1624.9000,1618.6500,1622.6500,4700
1493371140,1614.7000,1620.0000,1613.4500,1619.1000,13100
1493371444,1619.5000,1619.9000,1614.7000,1614.9500,8100
1493371741,1619.0500,1620.0000,1616.6000,1619.5500,5100
1493372044,1620.3000,1622.5000,1619.0000,1619.1000,7500
1493372343,1618.0500,1622.0000,1617.5500,1620.9500,10900
1493372648,1613.7000,1619.4000,1612.0500,1618.7500,14900
1493372999,1612.9000,1614.8500,1604.4500,1614.8500,31700
1493373240,1610.1000,1612.8000,1605.0000,1612.8000,14100
1493373544,1613.7000,1619.7500,1610.8000,1610.9500,15000
1493696942,1620.0000,1630.0000,1620.0000,1625.0000,0
1493697297,1620.9000,1621.6000,1615.0000,1619.5500,13800
1493697587,1619.0000,1623.0000,1618.0500,1620.1000,5600
1493697851,1616.0000,1619.0000,1616.0000,1618.0500,3200
1493698141,1608.3000,1617.0000,1603.7500,1616.4500,13600
1493698446,1614.1000,1615.0000,1607.1000,1607.5000,6600
1493698798,1609.9500,1615.9500,1609.0000,1614.5500,4300
1493699042,1610.0000,1610.0000,1609.0500,1609.6000,2300
1493699353,1607.2000,1610.0000,1607.0000,1609.9500,1200
1493699696,1609.4000,1610.7000,1606.5500,1607.8000,1200
1493699953,1610.3000,1611.9500,1609.1000,1609.1000,900
1493700254,1609.1000,1610.0000,1609.0500,1610.0000,400
1493700568,1608.0000,1609.6000,1607.8000,1609.3000,1300
1493700840,1608.0000,1609.4500,1606.7500,1607.8000,1300
1493701151,1607.1000,1609.1500,1607.1000,1608.4500,400
1493701440,1604.0000,1607.4000,1603.0000,1607.0000,2800
1493701742,1606.0000,1606.0000,1604.0000,1604.0500,2600
1493702040,1602.2000,1606.0000,1602.2000,1605.5500,3500
1493702345,1591.0000,1602.7000,1583.3000,1602.4500,11800
1493702651,1595.2000,1596.9500,1589.0000,1590.2000,4000
1493702942,1597.0000,1599.4500,1596.4000,1596.7500,2500
1493703297,1594.7500,1597.0000,1592.2000,1596.0000,2500
1493703543,1594.3500,1596.0000,1593.6000,1595.1500,1200
1493703844,1590.5000,1595.6500,1590.5000,1594.4500,2100
1493704140,1587.4500,1591.7500,1585.0000,1591.7500,4700
1493704481,1586.9000,1589.4000,1585.8500,1588.0000,1000
1493704798,1589.9000,1589.9000,1586.0000,1587.0000,2200
1493705078,1590.0000,1592.0000,1588.7000,1588.7000,1000
1493705361,1592.5500,1593.0000,1589.4000,1589.8500,2500
1493705698,1591.1000,1592.5500,1591.0500,1592.5000,300
1493705968,1590.9500,1592.5500,1590.0500,1591.5500,400
1493706283,1587.7000,1590.7000,1587.0000,1590.4000,2700
1493706572,1586.0000,1587.8000,1584.2000,1587.8000,3900
1493706867,1585.0000,1586.0000,1584.2500,1585.1000,1100
1493707159,1585.0000,1585.7500,1584.7500,1584.9500,900
1493707440,1585.8500,1585.8500,1584.0500,1584.8000,1700
1493707740,1586.0000,1586.9500,1585.0000,1585.0000,2600
1493708099,1585.8500,1586.8000,1585.0000,1585.9500,900
1493708374,1587.0000,1587.0000,1584.5000,1585.6500,1300
1493708646,1590.7500,1591.0000,1587.0000,1587.0000,2100
1493708998,1596.4500,1596.9500,1589.7000,1591.0000,3700
1493709257,1593.0000,1597.1500,1592.0500,1595.0000,3300
1493709541,1600.0000,1600.0000,1593.0000,1593.0000,3200
1493709886,1599.0000,1600.0000,1595.7500,1599.8500,4200
1493710174,1596.9500,1598.6500,1596.1500,1597.3000,600
1493710483,1596.4000,1597.2000,1595.0000,1596.7500,500
1493710741,1595.5000,1596.4000,1595.0000,1595.0500,600
1493711047,1595.5500,1596.1500,1595.0000,1595.0500,600
1493711373,1595.7500,1596.7500,1595.0000,1596.7500,2500
1493711670,1603.0000,1603.0000,1595.0500,1595.1500,3900
1493711971,1604.4500,1604.9000,1602.2500,1602.5000,2700
1493712299,1608.1500,1609.7000,1603.6000,1603.6000,2500
1493712540,1601.6000,1609.7000,1601.0500,1609.5500,3500
1493712887,1605.0500,1606.7500,1601.3000,1603.4500,2700
1493713113,1606.4500,1606.5000,1605.0500,1605.1500,500
1493713447,1603.3500,1606.4500,1603.3000,1606.2500,1100
1493713742,1605.0000,1605.0000,1602.0500,1603.6500,4400
1493714099,1605.0500,1605.7000,1605.0500,1605.1000,100
1493714341,1605.8500,1607.0000,1604.9000,1605.4500,1900
1493714646,1602.5500,1606.0500,1602.0000,1606.0500,900
1493714986,1598.6000,1602.5500,1597.7000,1602.1000,900
1493715295,1596.8500,1599.0000,1595.8500,1598.6500,1400
1493715557,1596.5000,1596.5000,1592.2500,1593.5500,1600
1493715894,1595.8500,1596.9000,1595.0000,1596.3500,300
1493716141,1599.5000,1600.0000,1596.0500,1596.0500,1400
1493716447,1602.4500,1603.9000,1598.6500,1599.7000,2200
1493716781,1603.0000,1604.8500,1601.6500,1601.6500,1900
1493717093,1606.2000,1608.8500,1602.9500,1602.9500,4500
1493717344,1606.9500,1606.9500,1605.0000,1605.8500,1400
1493717643,1605.5000,1608.0000,1605.0000,1606.4500,2900
1493717948,1604.0000,1606.5000,1602.1500,1605.4000,5200
1493718244,1601.0000,1604.4000,1601.0000,1604.2500,4400
1493718599,1599.4500,1601.0000,1597.7000,1600.8500,6200
1493718840,1597.0000,1601.9500,1596.1000,1599.3000,7700
1493719140,1597.0000,1598.0000,1596.0000,1597.4000,5900
1493783354,1570.0000,1582.0500,1570.0000,1579.1500,0
1493783694,1563.3500,1569.6000,1555.5500,1569.6000,15400
1493783999,1563.2500,1571.5000,1561.2000,1563.0000,9500
1493784250,1562.0000,1568.6000,1560.0000,1564.8000,12800
1493784541,1547.6500,1568.0000,1545.5500,1562.8500,31900
1493784847,1551.4000,1556.3500,1547.4500,1547.6000,8300
1493785143,1558.2500,1558.2500,1550.0000,1551.0000,7000
1493785499,1556.8500,1562.0000,1555.0500,1557.7500,6000
1493785744,1554.9000,1557.0000,1554.0500,1556.0000,1600
1493786057,1558.2000,1560.0500,1554.2500,1555.0000,4000
1493786355,1561.0000,1561.9500,1557.4500,1559.5500,3300
1493786642,1560.0000,1561.9500,1560.0000,1560.0000,2300
1493786947,1560.0000,1562.0000,1557.5000,1560.0500,3100
1493787298,1563.6500,1563.9500,1560.0000,1560.8500,2600
1493787599,1563.1500,1567.0000,1562.2000,1564.0000,7800
1493787848,1563.9500,1564.7000,1558.7500,1564.7000,2100
1493788140,1561.5000,1563.7500,1560.0000,1563.7500,800
1493788457,1559.5500,1562.9500,1558.5000,1560.0000,3000
1493788741,1569.0000,1571.0000,1559.5000,1559.7000,8000
1493789040,1577.0000,1579.9000,1566.6000,1570.0000,20900
1493789342,1567.8500,1584.0000,1567.8500,1577.4500,21300
1493789688,1565.0000,1568.7000,1559.6500,1566.1500,15200
1493789988,1568.6500,1569.1500,1564.0000,1566.3500,2300
1493790293,1563.4500,1568.6500,1562.0000,1567.3000,2300
1493790541,1563.3500,1565.9000,1562.0000,1564.9000,1800
1493790863,1564.9500,1564.9500,1563.0000,1563.0000,800
1493791197,1564.9000,1565.8000,1563.5000,1564.4000,1100
1493791441,1565.0000,1565.9000,1563.1000,1563.5500,400
1493791688,1565.0000,1567.9000,1565.0000,1565.2000,1100
1493792052,1561.8500,1564.0000,1561.8000,1563.2000,2000
1493792345,1562.0000,1562.9500,1561.5000,1562.5000,1600
1493792694,1562.3500,1562.9500,1562.0000,1562.8000,500
1493792964,1561.0000,1562.8000,1561.0000,1562.4000,1400
1493793264,1562.4000,1562.4000,1561.0000,1561.0500,700
1493793561,1562.0500,1563.0000,1562.0500,1563.0000,200
1493793735,1562.5000,1562.9000,1562.0000,1562.0000,300
1493794146,1561.0000,1562.8500,1561.0000,1562.0000,800
1493794446,1562.2000,1562.5500,1561.0000,1562.0000,900
1493794746,1557.0000,1561.0000,1556.2500,1561.0000,5300
1493795043,1559.0000,1559.0000,1558.5000,1558.9500,300
1493795347,1560.0000,1560.0000,1557.5500,1558.9000,2000
1493795646,1559.5000,1561.4000,1558.9000,1558.9000,1900
1493795986,1559.5500,1560.5000,1559.5000,1560.3000,400
1493796245,1559.0000,1560.5000,1558.7500,1560.5000,800
1493796583,1558.9000,1560.0000,1557.0000,1559.7000,2300
1493796845,1559.4500,1559.4500,1557.5500,1559.4000,300
1493797154,1561.0000,1561.0000,1557.5500,1557.5500,19400
1493797470,1561.0000,1562.0000,1561.0000,1562.0000,200
1493797700,1562.0000,1562.0000,1561.0000,1562.0000,200
1493797923,1562.0000,1562.0000,1561.1000,1561.1000,300
1493798388,1563.9000,1565.0000,1562.0000,1562.0500,1700
1493798684,1564.0000,1565.8000,1563.8500,1564.8500,700
1493798946,1562.4000,1565.0000,1562.4000,1565.0000,600
1493799254,1562.0000,1563.6500,1562.0000,1563.0000,300
1493799509,1563.0000,1563.7000,1562.4500,1562.9500,200
1493799804,1562.0000,1563.6500,1562.0000,1563.6000,100
1493800165,1562.0000,1562.9500,1561.9500,1561.9500,100
1493800480,1560.0000,1562.8000,1559.7000,1561.5000,2700
1493800771,1561.0000,1562.3500,1560.1500,1561.4500,200
1493801041,1562.8500,1563.9500,1561.0000,1562.9000,2300
1493801340,1561.8000,1562.4500,1560.7000,1561.0000,900
1493801640,1560.0000,1562.0000,1560.0000,1561.7500,2700
1493801991,1562.0000,1562.0000,1560.0000,1560.1500,5000
1493802264,1562.0000,1562.0000,1561.0000,1561.0000,1100
1493802574,1561.7500,1562.8000,1561.7500,1562.7500,800
1493802856,1562.0000,1562.5500,1561.2500,1562.0000,1000
1493803146,1562.4000,1562.7500,1561.3500,1561.4000,400
1493803443,1561.4000,1562.8000,1561.4000,1562.5000,400
1493803779,1562.5500,1562.8000,1561.2500,1561.4500,500
1493804057,1561.1500,1561.9500,1560.0000,1561.9500,3600
1493804343,1561.0000,1562.4000,1560.0000,1561.8500,2300
1493804644,1560.0500,1563.1000,1560.0500,1561.0500,5300
1493804948,1560.0000,1561.9500,1560.0000,1560.0000,6000
1493805250,1560.0000,1561.3000,1560.0000,1560.5500,10100
1493805540,1560.0000,1561.0000,1560.0000,1560.2000,6200
1493869798,1551.3000,1560.0000,1540.0000,1560.0000,0
1493870097,1548.9500,1551.7500,1547.0000,1551.7500,3400
1493870398,1561.2000,1564.0000,1548.9500,1550.0000,5800
1493870698,1560.5500,1562.8500,1560.0000,1562.4000,2600
1493870941,1558.8500,1561.9500,1557.0500,1561.9500,2500
1493871248,1555.0500,1558.9500,1555.0000,1558.9000,1900
1493871552,1552.5500,1556.6500,1552.5500,1556.0500,1600
1493871899,1553.2500,1554.5500,1553.0000,1553.0000,1000
1493872197,1556.6000,1557.0000,1553.0000,1554.1500,900
1493872442,1558.2500,1558.4500,1555.6000,1557.8500,500
1493872798,1556.1500,1558.3000,1555.0500,1557.5000,1900
1493873097,1556.1500,1556.8500,1555.0000,1555.0000,700
1493873342,1553.5000,1556.7000,1553.2500,1556.0000,900
1493873641,1552.2500,1554.0000,1552.0000,1554.0000,1500
1493873941,1552.3000,1553.6000,1552.2500,1553.6000,200
1493874241,1552.2500,1553.4500,1552.2500,1553.4000,400
1493874571,1553.0500,1554.9500,1552.0000,1553.0000,1100
1493874899,1553.5000,1554.6500,1552.0000,1554.4000,600
1493875197,1552.3000,1554.6500,1552.1500,1554.6500,200
1493875441,1552.3000,1554.3500,1552.3000,1553.5000,800
1493875741,1552.8000,1553.7000,1552.3000,1553.5500,400
1493876071,1552.3000,1553.7000,1552.3000,1553.6500,400
1493876398,1549.3000,1553.0000,1548.0000,1552.2000,2500
1493876698,1548.9500,1550.0000,1548.5000,1549.9500,400
1493876998,1548.1000,1550.0000,1548.0000,1549.9000,900
1493877298,1548.0000,1549.6000,1548.0000,1549.4000,400
1493877598,1547.2000,1549.0000,1545.1000,1549.0000,1300
1493877898,1547.4000,1548.9500,1547.2500,1547.3000,400
1493878198,1547.3000,1548.9000,1547.3000,1548.5000,400
1493878441,1545.1500,1548.1000,1545.0000,1548.0000,800
1493878797,1546.0500,1546.9500,1545.2000,1546.0000,500
1493879098,1545.0000,1547.0000,1545.0000,1546.9000,300
1493879398,1543.7500,1546.0000,1542.9000,1545.8000,1500
1493879698,1543.8500,1544.9500,1542.0500,1543.4000,500
1493879998,1545.3500,1548.0000,1543.5000,1544.3000,600
1493880241,1546.0000,1547.3000,1543.5500,1546.4000,500
1493880571,1542.4500,1546.2500,1542.4500,1546.2500,900
1493880841,1543.1500,1544.2000,1541.0000,1542.5000,700
1493881142,1543.1500,1544.6500,1543.0000,1543.9500,500
1493881441,1542.8500,1545.0000,1542.2000,1543.3500,500
1493881798,1541.1000,1544.5000,1541.1000,1544.1500,200
1493882057,1541.3000,1542.9500,1540.3000,1542.0000,400
1493882341,1542.0000,1542.4500,1541.0000,1541.5000,1300
1493882642,1543.1000,1544.9500,1542.0000,1542.4500,600
1493882941,1545.4500,1546.4000,1542.5000,1543.0500,900
1493883241,1546.2500,1547.0000,1546.1000,1546.1500,200
1493883571,1545.0000,1548.5000,1545.0000,1546.8500,3400
1493883840,1545.0500,1546.2000,1545.0000,1546.2000,1200
1493884198,1545.6000,1546.8500,1545.0000,1545.2000,200
1493884441,1545.2000,1546.9000,1545.0000,1546.9000,300
1493884741,1545.6000,1547.0500,1545.6000,1546.6000,400
1493885071,1548.4000,1550.0000,1547.0500,1547.0500,1100
1493885341,1549.1500,1549.9500,1548.1000,1549.6500,500
1493885642,1548.0000,1548.8500,1545.0000,1548.1500,3800
1493885941,1547.6000,1548.8000,1546.4000,1548.8000,200
1493886241,1546.5500,1549.0000,1546.5500,1548.0000,400
1493886541,1546.1000,1547.6500,1545.4000,1547.3000,800
1493886897,1546.1500,1547.0000,1546.0000,1546.8000,600
1493887141,1546.0500,1547.0000,1545.1500,1546.1000,1300
1493887498,1546.0500,1546.9000,1545.7500,1546.8500,0
1493887742,1546.1000,1547.0000,1546.1000,1546.7500,200
1493888098,1545.3000,1546.9500,1545.0500,1546.9500,500
1493888341,1545.3000,1546.0000,1545.1000,1546.0000,200
1493888697,1546.1500,1546.9000,1544.3000,1545.7000,600
1493888997,1546.0000,1547.0000,1545.6000,1546.7500,1000
1493889298,1546.2000,1546.9500,1546.1000,1546.9500,100
1493889598,1545.3500,1546.9000,1545.0500,1546.9000,500
1493889897,1545.1500,1546.0000,1545.1000,1546.0000,100
1493890141,1546.0000,1546.6000,1545.1000,1545.1000,900
1493890497,1546.1500,1546.9000,1545.5500,1546.6000,1600
1493890798,1545.1000,1546.8500,1544.0500,1546.8500,600
1493891041,1542.0500,1546.1500,1541.0000,1545.7500,2700
1493891398,1532.7500,1543.3000,1530.6500,1543.3000,8100
1493891697,1539.0500,1541.9000,1531.9500,1533.3500,4300
1493891940,1536.0000,1545.0000,1536.0000,1539.8000,2300
1493956147,1540.0000,1547.9000,1540.0000,1541.3000,0
1493956440,1535.8000,1541.6000,1530.0000,1541.3500,4200
1493956788,1530.4500,1535.8000,1529.0000,1535.0000,4100
1493957040,1522.7500,1529.2000,1515.0000,1529.0000,10700
1493957344,1522.0000,1527.9500,1516.3500,1525.2500,5700
1493957643,1520.0000,1524.0000,1520.0000,1521.9000,2800
1493957941,1520.1500,1521.7000,1517.5000,1521.0000,2900
1493958299,1525.2000,1528.4000,1517.6000,1521.2000,6800
1493958540,1521.2000,1527.0000,1518.0000,1526.4500,3700
1493958850,1519.0000,1521.5000,1517.0000,1520.0500,1300
1493959167,1521.6000,1523.0000,1519.0000,1519.2500,1600
1493959490,1523.9500,1526.8500,1521.0500,1522.9000,2600
1493959745,1520.6000,1525.0000,1520.0500,1524.9500,1200
1493960086,1521.6500,1522.8500,1521.4000,1522.8500,200
1493960345,1521.2500,1522.0000,1521.1500,1521.3000,400
1493960659,1522.0000,1522.0000,1521.2000,1521.2000,400
1493960943,1520.0500,1522.0000,1520.0000,1521.5000,2000
1493961251,1520.0000,1521.4500,1519.6000,1520.2500,900
1493961594,1519.0000,1520.9500,1516.1000,1519.2000,1500
1493961860,1521.1000,1522.0000,1519.9500,1519.9500,300
1493962028,1520.0000,1522.8000,1520.0000,1522.0000,5100
1493962490,1521.0000,1521.0000,1520.0000,1521.0000,600
1493962756,1530.2000,1532.9500,1520.9500,1520.9500,5200
1493963055,1527.4000,1533.5500,1524.4000,1528.7500,4500
1493963343,1524.0000,1528.0000,1524.0000,1527.3000,1300
1493963652,1524.9500,1527.6000,1523.0500,1523.6000,900
1493963945,1525.0000,1528.9500,1520.0500,1524.3000,1900
1493964285,1524.5000,1527.0000,1520.2000,1523.9000,1400
1493964544,1523.9000,1525.9000,1523.0000,1523.0000,300
1493964863,1525.0000,1525.5500,1523.0000,1524.9500,1500
1493965169,1525.4500,1525.8000,1523.0000,1523.0000,1000
1493965453,1523.9000,1525.5000,1523.0000,1524.6000,800
1493965740,1519.7500,1523.0000,1518.0000,1523.0000,7500
1493966057,1520.0000,1520.8000,1517.0500,1520.0000,3800
1493966386,1520.0000,1521.0000,1519.0000,1520.1000,6300
1493966640,1521.9500,1524.6500,1520.0000,1520.0500,800
1493966888,1520.0000,1522.0000,1519.9000,1522.0000,11200
1493967245,1520.0000,1520.8000,1519.8000,1520.0500,12300
1493967560,1520.0000,1520.7000,1518.0500,1520.7000,700
1493967842,1520.2000,1520.6000,1520.2000,1520.6000,100
1493968150,1520.2000,1520.2000,1520.0000,1520.0000,500
1493968480,1521.1500,1521.2000,1520.4000,1520.4000,300
1493968774,1521.1000,1522.0000,1520.1500,1521.2000,800
1493969094,1520.5000,1521.0000,1520.5000,1521.0000,1100
1493969358,1520.9500,1520.9500,1520.0000,1520.8000,600
1493969650,1520.0000,1520.5000,1520.0000,1520.0000,12400
1493969951,1520.0000,1520.5000,1519.6000,1519.9500,1900
1493970130,1520.0000,1520.4000,1519.7000,1520.1000,12600
1493970559,1520.0000,1520.2500,1519.3500,1519.6000,400
1493970830,1520.2500,1520.5000,1520.2500,1520.2500,500
1493971183,1520.9500,1521.0000,1520.0500,1520.5000,400
1493971457,1519.7000,1521.0000,1519.7000,1520.0000,3900
1493971627,1520.0000,1520.1000,1520.0000,1520.0000,3300
1493972041,1520.1500,1521.0000,1520.0500,1520.0500,300
1493972340,1521.0000,1522.0000,1520.1500,1521.0000,500
1493972656,1520.5500,1521.0000,1520.5000,1520.5000,400
1493972951,1522.0000,1523.9000,1521.0000,1521.0000,2400
1493973245,1522.0000,1522.9000,1521.7500,1521.7500,300
1493973542,1522.0500,1522.8500,1522.0000,1522.8000,400
1493973795,1522.0500,1523.9000,1522.0500,1522.8000,200
1493974145,1523.0000,1525.0000,1521.6500,1521.6500,800
1493974481,1522.1000,1524.5000,1522.1000,1524.5000,500
1493974769,1522.7500,1523.3000,1522.0000,1522.5000,1300
1493975051,1523.6500,1526.4500,1522.0500,1522.5000,1400
1493975340,1523.1500,1525.7000,1522.0500,1522.2000,1100
1493975696,1522.1500,1524.8000,1521.9500,1523.0500,2200
1493975968,1522.0000,1522.6500,1521.0000,1522.0000,1200
1493976212,1522.0000,1523.7000,1522.0000,1522.4000,7700
1493976540,1522.0000,1522.5000,1520.7000,1522.5000,5900
1493976841,1521.6000,1523.0500,1520.8000,1522.5000,3800
1493977151,1523.0000,1526.9500,1521.3000,1521.3000,6500
1493977442,1521.7500,1523.0000,1521.6500,1522.9000,4000
1493977750,1519.7000,1524.0000,1517.4000,1521.6500,2900
1493978097,1521.9500,1523.0000,1519.8500,1519.8500,3000
1493978342,1519.0000,1522.9000,1519.0000,1521.0500,3000
1494215398,1541.8500,1548.9000,1536.1500,1548.9000,0
1494215645,1536.0000,1542.0000,1536.0000,1542.0000,5700
1494215953,1539.0500,1539.0500,1535.0000,1535.0000,2400
1494216243,1539.5000,1540.0000,1539.0000,1539.0000,1800
1494216541,1540.2000,1540.4500,1539.0500,1539.4500,2100
1494216841,1540.0000,1541.3500,1539.4000,1540.5000,2700
1494217141,1541.3500,1541.3500,1539.5000,1540.3500,1700
1494217449,1541.9500,1541.9500,1539.5000,1541.3000,2700
1494217743,1543.0000,1543.0000,1540.0500,1542.0000,1800
1494218054,1543.8500,1544.3500,1542.6000,1542.6000,1200
1494218344,1543.4000,1544.3000,1542.0500,1543.0500,2400
1494218644,1549.8000,1549.9500,1543.1500,1543.1500,8000
1494218943,1548.3500,1549.9500,1543.4500,1549.7500,11800
1494219293,1545.1500,1548.0000,1541.0000,1548.0000,3700
1494219542,1545.0000,1546.4000,1545.0000,1546.0000,1300
1494219899,1543.1000,1546.0000,1543.0000,1545.6500,2200
1494220143,1545.3500,1546.9000,1543.1000,1543.7500,2000
1494220465,1547.0000,1547.1500,1545.0500,1545.0500,1900
1494220746,1546.9500,1547.0000,1545.5500,1546.9500,1500
1494221049,1548.1500,1549.4000,1545.6500,1546.5000,4600
1494221367,1546.1500,1548.5000,1546.0500,1548.2000,1200
1494221651,1546.8500,1546.9000,1543.1000,1546.6000,2400
1494221949,1547.6000,1548.5500,1543.3500,1547.0500,2200
1494222249,1547.2000,1547.7000,1545.7500,1547.3000,900
1494222554,1546.5500,1547.2500,1546.0000,1547.2500,1700
1494222860,1547.2000,1548.0000,1545.1000,1546.0000,2500
1494223173,1545.5000,1547.5000,1545.0000,1547.2500,2300
1494223440,1544.7500,1545.8000,1543.0500,1545.6500,1300
1494223787,1544.0000,1544.8000,1543.0500,1544.8000,800
1494224048,1540.3500,1544.9500,1540.3500,1543.5500,2800
1494224349,1543.8500,1545.7000,1540.1000,1540.1000,1300
1494224649,1543.0000,1545.0000,1542.4000,1543.9000,1100
1494224995,1544.4500,1544.8000,1542.3500,1544.4000,1000
1494225242,1544.1000,1544.5500,1542.3000,1544.0000,900
1494225594,1543.8000,1543.9000,1541.3500,1541.7500,1100
1494225889,1543.7000,1544.6000,1542.0000,1543.5500,1100
1494226140,1542.0000,1543.7500,1541.0500,1542.9000,1900
1494226496,1543.0000,1543.7000,1541.0000,1541.1000,1600
1494226740,1550.9500,1556.9500,1542.9500,1542.9500,11900
1494227099,1552.0000,1554.0000,1545.0500,1549.8000,5500
1494227340,1552.0000,1552.0000,1548.1500,1551.7000,4400
1494227642,1553.4000,1553.6500,1550.5500,1551.1000,2500
1494227949,1552.6000,1553.3000,1550.0000,1552.3000,2500
1494228250,1552.3500,1554.9500,1551.7000,1552.6500,3800
1494228541,1554.0000,1554.0000,1551.8500,1551.8500,2100
1494228843,1563.0000,1565.0000,1553.0000,1554.2000,8100
1494229140,1570.3500,1574.4500,1562.0000,1562.9500,19100
1494229441,1569.0000,1574.9500,1565.2000,1570.4000,16100
1494229799,1569.2000,1573.6000,1567.1500,1568.3000,6200
1494230042,1570.6500,1572.0000,1569.0000,1569.0500,4400
1494230347,1565.6000,1570.2500,1564.5000,1570.0000,3600
1494230641,1564.2000,1568.1500,1564.0000,1566.0000,4900
1494230941,1560.7500,1564.2000,1560.0000,1564.1500,4600
1494231299,1565.4500,1566.0000,1560.0000,1561.0000,1300
1494231542,1566.0000,1568.9000,1565.0500,1566.0000,1500
1494231897,1566.7500,1567.6000,1565.0000,1565.0000,1700
1494232145,1566.0000,1567.2000,1565.0000,1566.6000,1000
1494232443,1565.7000,1566.2000,1563.3500,1566.2000,1500
1494232741,1562.2000,1565.4500,1560.1000,1565.4500,1600
1494233041,1560.9500,1563.9500,1560.1000,1562.2500,1900
1494233341,1561.3500,1561.9500,1560.0000,1560.5000,1400
1494233697,1561.0000,1562.0000,1560.4500,1561.7000,900
1494233997,1558.1500,1561.9500,1558.1500,1560.6000,2200
1494234240,1555.0000,1558.8000,1553.0500,1558.3000,4500
1494234545,1554.0000,1555.2500,1554.0000,1554.0500,1100
1494234858,1551.9500,1554.7500,1551.9500,1554.7500,1400
1494235197,1552.8500,1555.7500,1551.0000,1551.9000,3500
1494235441,1551.1000,1553.6000,1551.0000,1552.9500,1200
1494235740,1549.0000,1550.9000,1548.0000,1550.9000,4100
1494236041,1548.3000,1553.1000,1548.1000,1549.0500,3000
1494236346,1548.0500,1550.5500,1548.0000,1548.9500,2500
1494236640,1547.0500,1549.7000,1547.0500,1548.0000,3200
1494236941,1547.0000,1548.7000,1541.0500,1547.0000,7300
1494237264,1551.2000,1552.1500,1546.9500,1546.9500,6300
1494237540,1550.0000,1551.5000,1546.3500,1551.3000,8200
1494301742,1551.6000,1560.1000,1547.8500,1555.0000,0
1494302042,1553.3500,1555.3500,1551.2000,1551.2500,1400
1494302341,1545.1000,1553.6000,1541.0000,1553.6000,9000
1494302642,1545.0000,1550.0000,1542.0000,1544.6500,4400
1494302942,1543.1500,1545.6500,1542.0000,1545.4500,1100
1494303243,1542.1000,1543.4500,1538.2500,1543.0500,4700
1494303543,1540.9000,1544.0500,1539.2000,1542.2500,1400
1494303888,1539.0000,1542.1000,1538.6000,1540.0000,900
1494304141,1536.0000,1540.6500,1535.0000,1539.6000,4100
1494304488,1536.1000,1541.9500,1535.0000,1536.8000,1700
1494304743,1540.1000,1540.1000,1536.0500,1536.0500,700
1494305045,1536.1000,1543.0000,1531.0500,1540.0500,6700
1494305369,1539.8000,1543.0000,1536.0000,1538.4500,4500
1494305664,1540.0000,1540.0000,1537.4000,1539.9500,1100
1494305944,1540.0000,1540.6500,1540.0000,1540.6500,200
1494306273,1538.6000,1540.3500,1538.5500,1540.0500,400
1494306573,1540.5000,1540.6000,1538.0500,1539.1000,500
1494306855,1543.0000,1543.0000,1539.0500,1541.3500,1100
1494307195,1542.8000,1543.0000,1542.8000,1542.9000,700
1494307477,1543.0000,1543.0000,1542.6500,1542.8500,800
1494307743,1543.0000,1543.0000,1542.5000,1542.9000,600
1494307994,1543.0000,1543.0000,1542.9000,1542.9000,3100
1494308399,1544.3500,1545.8000,1542.9500,1542.9500,2500
1494308641,1545.3500,1549.0500,1544.5500,1544.6000,3700
1494308989,1548.6000,1548.8500,1538.4500,1545.7000,5300
1494309261,1547.8000,1548.7000,1541.7500,1546.7000,1400
1494309545,1551.7000,1554.3000,1549.4500,1549.4500,3900
1494309891,1552.0000,1552.0000,1551.2000,1551.7500,1100
1494310155,1550.4500,1553.0000,1549.5500,1551.9500,2900
1494310441,1549.7000,1550.5000,1547.0500,1550.5000,1100
1494310761,1552.0000,1552.0000,1549.8000,1549.8500,1500
1494311090,1552.1500,1552.4000,1551.1500,1552.4000,600
1494311343,1550.3500,1552.7500,1549.0000,1552.2000,2600
1494311641,1551.7000,1552.5000,1549.0500,1549.0500,1900
1494311946,1552.0000,1552.0000,1551.6000,1551.6500,400
1494312268,1552.0000,1552.9500,1551.9500,1551.9500,1200
1494312541,1555.0000,1555.9000,1552.0500,1552.0500,4600
1494312842,1553.6500,1555.0000,1552.1000,1554.8500,1400
1494313196,1553.8000,1553.9500,1551.5500,1552.9000,800
1494313452,1553.1000,1553.9000,1552.9500,1553.7000,500
1494313742,1554.6500,1554.6500,1551.7500,1553.0500,500
1494314042,1553.5000,1554.8000,1551.9000,1554.3500,500
1494314342,1552.8500,1553.5000,1551.2500,1553.5000,500
1494314698,1552.2500,1553.0000,1551.6000,1552.8500,400
1494314941,1552.4000,1552.9500,1550.5000,1552.4000,1000
1494315285,1552.8000,1553.0000,1552.3500,1553.0000,300
1494315543,1553.9000,1554.0000,1552.5500,1552.7500,400
1494315894,1554.6000,1557.0000,1553.4000,1553.6500,4500
1494316146,1553.5000,1555.0000,1552.8000,1554.4500,2600
1494316443,1548.1500,1554.7500,1548.0000,1553.4500,1600
1494316743,1550.6500,1553.9500,1541.0000,1548.0000,7200
1494317090,1547.5000,1550.8500,1542.0500,1550.4000,3500
1494317390,1548.4500,1550.7000,1545.9000,1550.7000,1600
1494317646,1548.7000,1548.9000,1546.0000,1548.7000,700
1494317942,1549.5000,1549.5000,1545.1000,1545.1000,900
1494318240,1550.5000,1550.9000,1549.0000,1549.5500,600
1494318543,1548.0000,1550.9500,1547.7000,1550.7500,1400
1494318847,1549.7000,1550.5000,1547.9000,1547.9500,1300
1494319142,1549.9000,1550.5000,1548.4500,1549.9500,1200
1494319458,1549.9000,1549.9500,1549.6000,1549.9500,600
1494319746,1550.9000,1550.9000,1548.0500,1549.9500,1000
1494320042,1553.6000,1554.4000,1550.7500,1550.8000,1100
1494320341,1552.7000,1553.5500,1552.5000,1552.8000,1200
1494320696,1549.5000,1552.6000,1549.5000,1552.6000,300
1494320986,1551.7500,1552.7500,1549.5000,1549.8500,700
1494321242,1552.0000,1552.6000,1550.0000,1552.6000,1100
1494321599,1545.8000,1552.2500,1545.8000,1552.2500,1100
1494321843,1549.0000,1549.5500,1545.8500,1545.8500,1300
1494322082,1549.3000,1549.3000,1548.7000,1548.9500,100
1494322442,1548.8500,1549.5000,1548.0000,1549.5000,500
1494322773,1549.3000,1549.3000,1548.0000,1548.9500,1000
1494323043,1547.6500,1549.2500,1547.5000,1549.2000,600
1494323343,1548.3500,1548.6500,1546.0500,1548.0000,2300
1494323691,1547.5500,1549.7500,1546.7500,1547.4500,2200
1494323940,1548.2500,1550.0000,1545.0000,1547.9500,2800
1494388143,1540.0000,1549.4000,1538.0500,1543.1500,0
1494388442,1548.2500,1557.8500,1537.5000,1540.0500,11900
1494388742,1552.7000,1555.9000,1547.9000,1547.9000,10200
1494389072,1549.8000,1554.0000,1549.0500,1552.6500,1200
1494389351,1551.9000,1552.0000,1545.0000,1550.0000,2100
1494389642,1551.3000,1552.0000,1550.4500,1551.7500,600
1494389965,1551.0000,1551.7000,1550.0000,1551.4000,1200
1494390240,1557.0000,1561.3500,1551.0500,1551.4000,4700
1494390561,1556.9500,1558.9500,1556.4000,1557.2500,2000
1494390840,1557.9000,1558.0000,1553.0000,1557.0000,1600
1494391152,1557.0000,1558.0000,1556.2000,1557.4000,1300
1494391474,1554.4500,1558.0000,1554.4500,1557.8500,700
1494391790,1554.4000,1556.0000,1554.1000,1555.0000,800
1494392046,1556.0000,1556.0000,1554.5000,1554.5500,1100
1494392341,1555.8500,1556.9500,1554.0500,1556.0500,1100
1494392644,1555.3500,1557.6500,1555.3500,1555.7500,700
1494392963,1556.0000,1557.5500,1555.6500,1556.1500,800
1494393241,1558.0000,1558.0000,1555.6000,1555.8500,1000
1494393541,1558.4000,1558.9000,1557.9500,1557.9500,500
1494393845,1559.6000,1559.9000,1558.6000,1558.6000,1700
1494394153,1559.0000,1559.6500,1558.8000,1559.5500,700
1494394440,1559.8000,1560.0000,1558.8000,1558.8000,3300
1494394745,1558.8500,1559.0000,1557.0000,1559.0000,1500
1494395055,1558.1500,1559.8500,1558.1500,1559.0000,700
1494395344,1559.7500,1559.8000,1558.8000,1559.1000,700
1494395656,1559.1000,1559.8000,1558.4500,1558.8000,1200
1494395957,1559.0000,1559.9000,1558.6500,1559.0500,700
1494396253,1557.1500,1559.4500,1556.1500,1559.4500,1800
1494396547,1554.0500,1557.8000,1554.0500,1557.1000,2900
1494396868,1554.0000,1554.1000,1552.4500,1554.1000,800
1494397183,1558.9000,1558.9000,1551.9000,1553.9000,2900
1494397441,1558.0000,1558.0000,1555.2500,1556.5500,1100
1494397741,1558.1000,1558.7500,1557.7000,1558.3500,600
1494398066,1556.7500,1558.9000,1556.7500,1558.1500,700
1494398346,1555.8000,1556.9000,1555.8000,1556.6000,600
1494398662,1558.0000,1558.0000,1555.3000,1555.9000,800
1494398953,1556.5000,1558.9500,1556.5000,1557.8500,600
1494399245,1555.0000,1557.9500,1555.0000,1555.6000,1800
1494399577,1555.5000,1556.3000,1553.1000,1554.0000,900
1494399872,1555.8500,1556.4000,1555.0500,1555.7500,600
1494400140,1554.8000,1555.9500,1552.8500,1555.9500,1000
1494400477,1552.0000,1555.9500,1552.0000,1554.6500,1400
1494400772,1548.5500,1550.8000,1546.0000,1550.5500,2600
1494401045,1550.5000,1553.9500,1548.5500,1549.9000,700
1494401345,1551.0000,1552.3000,1549.1000,1549.6000,600
1494401642,1551.2500,1554.5000,1551.0500,1552.1500,600
1494401998,1551.5000,1554.5000,1551.4000,1552.1500,700
1494402298,1552.9000,1554.5500,1551.4000,1551.4000,1000
1494402571,1552.6500,1554.0000,1552.6500,1553.9500,600
1494402859,1552.6000,1554.3000,1552.6000,1553.9500,1500
1494403147,1552.5000,1552.5000,1552.0000,1552.2500,600
1494403444,1552.6000,1552.6500,1552.4000,1552.4000,500
1494403755,1552.6500,1552.9500,1552.0000,1552.6500,1300
1494404055,1552.6500,1553.0000,1551.6500,1553.0000,800
1494404361,1549.0500,1552.6500,1549.0500,1551.8500,1700
1494404641,1549.9500,1553.8000,1549.9500,1549.9500,1700
1494404953,1549.9500,1550.5000,1548.9500,1550.5000,500
1494405243,1548.0000,1550.0000,1548.0000,1549.8500,1400
1494405592,1547.6500,1548.5000,1547.1500,1548.3500,1200
1494405866,1548.1000,1548.5000,1547.1500,1547.5000,1900
1494406141,1548.0000,1548.0000,1547.0000,1547.9500,600
1494406471,1548.0000,1548.0000,1547.9000,1547.9000,300
1494406768,1546.6000,1548.0000,1546.6000,1547.9500,700
1494407094,1542.9500,1546.8500,1540.1500,1546.8500,3100
1494407370,1543.4000,1546.2000,1543.0500,1543.9000,1600
1494407642,1542.4500,1543.6500,1541.1500,1543.0000,1300
1494407981,1543.9500,1544.8500,1542.8500,1542.8500,1000
1494408289,1544.1500,1545.0000,1544.0000,1544.0000,200
1494408544,1545.5000,1545.5000,1544.6000,1545.0000,900
1494408843,1547.4500,1548.4500,1544.0500,1545.3500,1900
1494409143,1540.9500,1547.6000,1540.0000,1546.7000,4400
1494409449,1543.5500,1544.8500,1538.1000,1541.6500,4100
1494409745,1540.0000,1544.7500,1539.0000,1543.5000,3800
1494410077,1540.2000,1540.2000,1539.0000,1539.9500,3000
1494410341,1542.0500,1545.5000,1540.2000,1543.0500,3700
1494474542,1552.0000,1553.9500,1540.0000,1548.0000,0
1494474840,1548.9000,1555.5000,1544.8000,1551.9500,10400
1494475155,1550.0000,1559.0000,1546.5500,1546.5500,9300
1494475462,1551.8500,1551.9500,1545.4500,1549.2500,2700
1494475771,1546.5000,1551.9000,1546.5000,1551.9000,700
1494476040,1557.1500,1557.5500,1546.9500,1548.1500,5300
1494476391,1555.0000,1559.4500,1552.5500,1557.7500,8200
1494476642,1545.0000,1556.6000,1541.0500,1554.9500,14000
1494476953,1546.0000,1549.4500,1543.2500,1549.4500,6000
1494477192,1546.1000,1547.2500,1544.3500,1545.2500,4400
1494477597,1557.8500,1559.0000,1547.1000,1547.1000,9700
1494477841,1560.0000,1562.6500,1550.7500,1557.8000,14700
1494478148,1558.1000,1559.0500,1555.0500,1558.9000,3600
1494478444,1559.0000,1562.6500,1558.6500,1558.6500,4500
1494478756,1558.6500,1560.0000,1557.1000,1559.8000,1300
1494479094,1560.6500,1562.2500,1556.0500,1556.0500,3700
1494479340,1561.0000,1562.0000,1561.0000,1561.0000,1200
1494479644,1561.0000,1561.5000,1560.0000,1560.6500,900
1494479999,1560.4000,1561.4000,1560.0000,1561.4000,700
1494480255,1559.1500,1561.0000,1559.1500,1560.5000,300
1494480569,1559.5000,1560.9000,1558.0000,1560.9000,200
1494480840,1558.5000,1559.5000,1558.0000,1558.1000,100
1494481144,1557.0000,1559.4500,1556.5000,1559.4500,300
1494481445,1554.9500,1557.8000,1554.0000,1557.7500,2900
1494481752,1557.3500,1557.3500,1553.0000,1555.0000,1000
1494481980,1555.0000,1555.1000,1554.1500,1555.1000,500
1494482397,1554.1500,1555.3500,1554.1000,1554.5000,300
1494482645,1552.4500,1554.2500,1551.0000,1554.2000,5000
1494482968,1554.0000,1554.0500,1552.0000,1552.0000,600
1494483273,1554.4500,1554.9000,1554.0000,1554.4500,200
1494483595,1552.6000,1554.9500,1552.5500,1554.9000,900
1494483867,1550.2000,1553.9000,1550.1000,1552.7000,1100
1494484158,1551.9500,1552.0500,1550.5000,1550.6000,1400
1494484410,1552.0000,1552.0000,1551.8000,1552.0000,300
1494484769,1551.5500,1552.0000,1551.0500,1551.0500,0
1494485051,1551.8000,1552.0000,1550.1000,1551.5000,1100
1494485360,1550.3000,1551.2000,1550.3000,1550.6000,100
1494485529,1550.8500,1551.9000,1550.8500,1551.0000,700
1494485944,1547.5000,1550.7500,1546.1000,1550.1000,2400
1494486250,1552.0000,1552.0000,1547.0500,1547.0500,400
1494486599,1551.2500,1552.0000,1551.0000,1551.0500,1100
1494486658,1552.0000,1552.0000,1552.0000,1552.0000,0
1494487150,1550.6000,1551.4500,1550.6000,1551.4500,200
1494487415,1551.0000,1551.0000,1550.0000,1550.0500,100
1494487723,1551.9000,1551.9000,1551.0000,1551.8000,100
1494488045,1550.0000,1551.7500,1549.8000,1551.6000,200
1494488297,1548.1000,1550.5000,1548.0000,1550.5000,700
1494488697,1548.0000,1550.0000,1548.0000,1548.2000,400
1494488946,1545.5000,1548.4000,1544.0000,1548.0500,2600
1494489235,1547.0000,1548.0000,1545.1000,1546.0000,300
1494489546,1548.0000,1548.0000,1544.0000,1545.2000,1800
1494489862,1544.5000,1547.9000,1544.0000,1547.9000,3000
1494490194,1544.1000,1547.9000,1544.0000,1547.9000,1500
1494490488,1547.9000,1547.9000,1544.1000,1545.5000,700
1494490795,1546.8000,1548.0000,1544.9000,1548.0000,500
1494490992,1548.0000,1548.0000,1546.5500,1546.5500,300
1494491286,1547.2500,1547.9500,1546.5500,1547.9500,0
1494491563,1548.0000,1548.0000,1546.5500,1546.5500,100
1494491947,1546.7500,1548.5000,1546.7500,1547.9500,1100
1494492191,1547.9500,1548.3500,1546.6000,1546.6000,300
1494492538,1548.0000,1548.0500,1547.9000,1547.9000,100
1494492669,1548.0000,1548.0000,1547.4000,1547.4000,0
1494493164,1547.1000,1548.0000,1546.9500,1546.9500,200
1494493455,1548.0000,1548.0000,1547.0000,1548.0000,400
1494493713,1547.2000,1548.2500,1547.1000,1548.2500,100
1494494080,1547.0000,1548.2500,1547.0000,1548.2500,1000
1494494340,1547.9500,1548.0000,1547.0000,1548.0000,100
1494494671,1546.0000,1548.0000,1546.0000,1547.7000,200
1494494962,1544.0000,1546.3500,1544.0000,1545.0000,800
1494495254,1540.2000,1544.1000,1540.0000,1543.9500,1500
1494495553,1541.0500,1542.0000,1535.5000,1540.1500,1600
1494495841,1529.0500,1542.0000,1522.0500,1541.9000,8200
1494496142,1529.0000,1532.9500,1529.0000,1529.2500,2000
1494496440,1522.6500,1530.5500,1521.4000,1528.4500,4600
1494496741,1527.7500,1527.7500,1520.1000,1522.3500,3500
1494560998,1543.5500,1545.6000,1538.0000,1538.0000,0
1494561284,1542.6000,1549.7500,1541.0000,1544.3500,14000
1494561542,1549.0000,1549.2000,1538.2500,1541.7500,6300
1494561845,1542.0000,1548.9500,1542.0000,1548.9500,6800
1494562143,1542.5500,1545.9500,1541.0500,1542.2000,2400
1494562446,1540.8500,1544.3500,1540.0000,1542.4500,2800
1494562740,1539.0000,1541.5000,1537.3500,1541.0000,2800
1494563042,1539.7500,1541.9500,1539.5500,1539.9500,2400
1494563343,1539.7500,1540.0000,1537.5500,1539.4500,1200
1494563582,1541.9500,1541.9500,1538.3500,1540.0000,1200
1494563947,1537.6000,1541.9000,1537.6000,1541.9000,3100
1494564242,1530.6000,1537.3500,1530.6000,1537.3500,7400
1494564540,1534.4500,1539.5000,1525.5500,1527.8500,11000
1494564846,1534.5500,1534.8000,1528.2000,1533.1500,7300
1494565140,1542.4500,1542.4500,1531.1500,1536.8000,6400
1494565442,1542.6000,1545.4500,1537.5500,1542.5000,8700
1494565743,1541.4500,1542.6000,1539.0000,1541.0000,9000
1494566047,1540.0000,1542.0000,1538.3500,1541.5000,3500
1494566346,1536.7000,1539.9500,1534.5000,1539.7000,2200
1494566643,1532.0000,1539.9000,1532.0000,1538.8000,3400
1494566948,1525.0000,1531.6500,1521.1000,1531.6500,17500
1494567246,1533.0000,1533.0000,1524.0500,1524.6000,8000
1494567540,1530.0500,1534.3000,1526.7000,1530.2000,6800
1494567898,1529.1500,1532.0000,1527.5500,1530.9000,3600
1494568142,1530.1000,1532.0000,1529.0500,1529.5000,2100
1494568451,1532.4000,1535.0000,1529.1500,1530.1500,3200
1494568743,1528.0500,1532.2000,1528.0500,1532.2000,3400
1494569041,1529.0000,1529.1000,1524.1000,1528.1000,3600
1494569342,1528.0000,1529.7000,1525.6000,1528.6500,1000
1494569552,1527.9000,1527.9500,1526.9500,1527.9500,200
1494569948,1528.0000,1528.9000,1526.1000,1527.9500,600
1494570247,1527.9500,1529.3000,1527.7000,1527.8500,100
1494570564,1527.9000,1527.9000,1527.0000,1527.7000,300
1494570867,1527.7500,1528.2500,1526.7500,1528.2000,100
1494571172,1526.0000,1527.5500,1525.0500,1527.5500,600
1494571449,1526.0000,1526.9000,1525.2000,1525.9500,300
1494571682,1526.0000,1526.4500,1525.2500,1525.6000,200
1494572073,1528.3500,1528.8000,1525.7500,1527.2500,500
1494572395,1530.2500,1530.2500,1527.1000,1527.5000,700
1494572643,1530.0000,1531.0000,1527.4500,1529.4500,900
1494572940,1529.9500,1530.0000,1527.3000,1527.3000,700
1494573279,1528.8000,1530.0000,1528.8000,1530.0000,400
1494573543,1529.9500,1529.9500,1528.5000,1529.1500,100
1494573782,1529.9500,1530.0000,1529.2000,1530.0000,200
1494574188,1529.9000,1530.0000,1528.3000,1529.4000,500
1494574442,1530.6500,1530.7000,1529.4000,1530.0000,700
1494574759,1530.4500,1530.6500,1529.0500,1530.0000,300
1494575081,1527.9000,1530.4500,1527.9000,1530.0000,900
1494575377,1531.3500,1531.3500,1530.0000,1530.2000,200
1494575696,1530.0000,1530.9500,1529.3000,1530.9000,400
1494575942,1530.8000,1530.9500,1529.6000,1529.6000,300
1494576250,1534.8500,1536.0000,1530.4000,1530.6000,2300
1494576540,1532.0000,1534.9000,1532.0000,1534.9000,1700
1494576872,1531.8000,1532.0000,1530.4000,1531.9500,500
1494577142,1532.8000,1532.9500,1531.2000,1531.7000,300
1494577465,1537.3000,1537.3500,1532.4000,1532.4000,1500
1494577799,1533.0500,1537.3500,1530.7000,1537.3500,2100
1494578080,1530.5000,1535.0000,1530.2500,1534.0000,800
1494578342,1535.0000,1535.0000,1531.0500,1531.9500,1500
1494578661,1531.7500,1534.2500,1530.9500,1532.4500,200
1494578942,1532.6000,1533.0000,1530.6500,1532.2000,900
1494579242,1531.6000,1533.0000,1531.1000,1532.7500,400
1494579522,1532.5000,1532.5000,1531.9500,1532.4500,200
1494579827,1533.0000,1534.4500,1533.0000,1533.0000,500
1494580143,1532.0000,1533.9000,1530.1000,1532.9500,700
1494580440,1528.0500,1532.7500,1528.0000,1532.7500,1200
1494580790,1525.6500,1529.4000,1525.3000,1529.4000,2300
1494581098,1527.8000,1528.9500,1526.0000,1526.0000,2500
1494581343,1526.0500,1527.8000,1526.0000,1527.7000,3000
1494581643,1528.0000,1529.0000,1525.0000,1526.4500,4800
1494581944,1527.8500,1528.3500,1526.4500,1527.4500,2000
1494582270,1527.1500,1529.0000,1526.0000,1528.9000,1500
1494582544,1524.9500,1528.0000,1523.5000,1528.0000,3600
1494582898,1524.6500,1526.0000,1523.5000,1523.6500,4400
1494583141,1528.8000,1528.8000,1524.2500,1525.6000,2800
1494820142,1532.5000,1533.9500,1530.0000,1530.0000,0
1494820499,1521.0500,1537.4500,1521.0500,1532.3500,3800
1494820743,1533.0000,1537.8000,1521.6000,1521.6000,10200
1494821095,1526.1000,1534.2500,1525.0000,1533.9500,8000
1494821366,1526.1500,1527.9500,1525.0000,1527.0000,1600
1494821643,1526.0000,1526.9500,1525.0000,1526.7000,2300
1494821940,1525.0500,1527.0000,1525.0500,1526.7000,1100
1494822297,1525.5500,1526.5000,1525.0000,1525.3500,400
1494822551,1525.0000,1526.3000,1525.0000,1525.6500,900
1494822872,1525.0000,1525.1000,1525.0000,1525.1000,700
1494823142,1525.0000,1526.0000,1525.0000,1525.0500,900
1494823473,1525.4000,1525.8500,1525.0000,1525.3500,200
1494823742,1525.0500,1525.7500,1525.0000,1525.7500,300
1494824095,1528.1000,1528.7000,1525.0500,1525.1500,1300
1494824354,1528.1500,1529.3000,1528.0500,1528.9000,300
1494824642,1525.6000,1529.3000,1525.6000,1529.0000,400
1494824952,1526.9000,1527.2500,1525.5500,1525.5500,800
1494825241,1527.1000,1527.7500,1526.9000,1527.0500,300
1494825597,1527.2000,1527.2500,1526.4000,1526.9000,300
1494825893,1526.5500,1528.1500,1526.5500,1527.2500,300
1494826153,1526.3500,1527.5000,1525.7000,1526.4000,500
1494826451,1526.7500,1528.4500,1526.3500,1526.5000,400
1494826741,1527.4000,1527.7000,1526.7500,1527.7000,600
1494827098,1526.8000,1529.3500,1526.7500,1526.7500,700
1494827341,1527.1500,1527.9500,1526.2500,1527.4500,300
1494827694,1525.7500,1527.0500,1525.7000,1526.7000,200
1494827972,1525.7500,1526.9500,1525.7500,1526.9500,200
1494828242,1526.3500,1526.7500,1525.8000,1525.8000,200
1494828542,1526.4500,1527.3000,1526.4000,1526.7000,400
1494828842,1526.3500,1527.0500,1526.3500,1526.3500,200
1494829197,1526.3000,1526.9500,1526.3000,1526.9500,200
1494829471,1525.2500,1525.4000,1525.2500,1525.4000,200
1494829791,1524.0500,1525.3500,1524.0000,1525.3500,2000
1494830096,1524.5000,1525.2500,1524.0000,1525.0000,300
1494830341,1525.0000,1525.3000,1524.0000,1524.1000,400
1494830652,1525.7000,1526.0000,1525.5000,1525.5000,400
1494830942,1526.0000,1526.9000,1525.7000,1525.9000,1000
1494831272,1527.0500,1527.9000,1526.0500,1526.0500,400
1494831572,1527.0000,1527.7500,1527.0000,1527.4000,200
1494831842,1524.5000,1527.2000,1524.1000,1527.2000,300
1494832177,1525.6000,1525.6500,1524.5000,1525.2500,600
1494832442,1524.7500,1525.6500,1524.6500,1525.2500,200
1494832753,1524.6500,1524.7500,1524.4000,1524.4000,200
1494833053,1524.5000,1525.0000,1524.3500,1524.4000,200
1494833297,1524.0000,1525.2000,1524.0000,1524.9000,300
1494833695,1524.3500,1524.6500,1524.0000,1524.5000,500
1494833941,1524.0000,1524.6500,1524.0000,1524.0500,200
1494834295,1524.0000,1524.3000,1524.0000,1524.3000,200
1494834541,1524.0000,1524.6500,1524.0000,1524.3500,300
1494834874,1524.4000,1524.6000,1524.0000,1524.3500,200
1494835171,1524.0000,1524.8500,1524.0000,1524.6000,300
1494835441,1523.5000,1524.0000,1523.5000,1523.5000,400
1494835743,1523.0000,1523.9500,1523.0000,1523.0000,1300
1494836042,1523.1000,1523.1000,1523.0000,1523.0500,200
1494836382,1523.0000,1525.2000,1523.0000,1523.1500,300
1494836697,1523.6000,1525.9500,1522.0500,1523.0500,4000
1494836999,1523.0500,1524.8000,1523.0000,1523.1000,300
1494837255,1523.2500,1524.5000,1523.0500,1523.5000,600
1494837542,1524.0000,1525.0000,1523.0500,1524.5000,700
1494837871,1524.2500,1524.4500,1523.0500,1523.5000,700
1494838141,1525.5000,1526.1500,1523.1500,1523.1500,600
1494838447,1525.4000,1526.0000,1524.7500,1525.0000,300
1494838754,1525.0000,1526.1000,1525.0000,1525.9500,1600
1494839050,1525.5000,1526.5500,1525.0000,1525.4000,400
1494839392,1526.3000,1527.1000,1525.0000,1525.6000,2100
1494839642,1527.5500,1528.9000,1525.2000,1526.6000,2400
1494839973,1525.1000,1528.0500,1525.0000,1527.1000,800
1494840254,1525.1000,1526.4000,1525.0000,1526.4000,300
1494840542,1526.5500,1527.8000,1525.0500,1525.2500,500
1494840841,1526.2500,1527.4000,1525.6000,1526.5500,1600
1494841143,1526.6000,1526.8500,1525.5500,1526.8500,2700
1494841497,1525.0500,1526.7000,1525.0000,1526.7000,9400
1494841744,1524.5000,1525.9000,1524.0000,1525.9000,5500
1494842093,1523.9500,1525.2000,1523.9000,1525.0000,6700
1494842345,1520.2000,1524.7500,1520.2000,1524.7500,6500
