1492746540,286.3000,286.9000,286.2000,286.6500,302300
1492746844,285.6500,286.3000,284.9000,286.2000,277000
1492747145,285.8500,286.2000,285.5000,285.6000,111900
1492747441,285.1500,285.9000,284.7500,285.9000,189200
1492747747,285.8000,285.9000,285.0000,285.2500,205000
1492748041,284.6500,285.8000,284.2500,285.6500,255100
1492748344,284.6000,284.9000,284.1000,284.6000,220000
1492748642,285.5000,285.5000,284.3500,284.5500,187100
1492748946,285.4500,285.4500,285.2000,285.4000,85700
1492749242,285.3500,285.7000,285.1500,285.4000,98100
1492749540,285.2000,285.5000,285.1000,285.2500,52400
1492749841,284.5500,285.1500,284.5500,285.1000,101200
1492750140,284.8500,285.0000,284.5500,284.7000,46600
1492750440,285.1000,285.1500,284.8500,284.9500,33800
1492750742,284.6500,285.1500,284.5500,285.1500,42500
1492751041,285.0000,285.0000,284.6500,284.7000,29800
1492751340,284.8000,285.0000,284.6000,284.8500,38700
1492751643,284.8000,284.9500,284.7500,284.8500,26100
1492751942,285.1000,285.1000,284.8000,284.8500,32900
1492752242,285.2000,285.2000,285.0000,285.0500,22300
1492752540,285.3500,285.5000,285.0500,285.1500,46800
1492752840,285.2000,285.5000,285.2000,285.4500,36300
1492753141,285.0000,285.3500,284.9000,285.1000,53600
1492753443,285.2500,285.3000,285.0500,285.1000,24800
1492753740,285.1500,285.3500,285.0500,285.2000,27300
1492754099,285.2000,285.4500,285.1000,285.2000,50000
1492754340,285.3000,285.5000,285.2000,285.2500,25000
1492754645,285.1500,285.4000,285.0000,285.3000,47700
1492754941,285.0000,285.1000,284.8000,285.1000,78700
1492755240,285.1500,285.3000,284.9000,284.9500,84000
1492755598,284.9000,285.3500,284.8000,285.1000,83900
1492755844,285.2000,285.4500,284.8500,285.0500,94200
1492756199,285.0500,285.5000,285.0000,285.3000,86100
1492756440,284.8500,285.1500,284.7000,285.0000,72200
1492756741,284.6000,284.9500,284.6000,284.9000,40900
1492757040,284.2000,284.7000,284.1000,284.7000,156700
1492757340,283.5500,284.3000,283.2000,284.3000,298000
1492757695,283.9000,284.0000,283.3500,283.5000,94500
1492757949,283.0000,283.9500,282.5500,283.9500,333300
1492758299,283.2000,283.3500,282.8500,282.9000,203600
1492758545,283.3000,283.5500,283.1500,283.1500,80500
1492758843,283.0500,283.6000,283.0000,283.4000,81300
1492759199,283.5000,283.5000,283.0000,283.1500,69400
1492759441,281.9000,283.3000,281.4000,283.3000,425500
1492759740,281.8000,282.3000,281.0000,281.8500,388700
1492760040,282.6000,282.8000,281.8000,281.9000,294200
1492760340,282.4500,282.7000,282.1000,282.5000,107900
1492760641,282.1000,282.5000,281.7500,282.3500,117000
1492760942,282.0000,282.2000,281.5000,282.0000,280300
1492761241,282.1500,282.3500,281.9000,282.1000,108800
1492761544,282.0000,282.2500,281.9000,282.2000,117600
1492761840,282.0500,282.2000,281.9000,281.9500,129300
1492762140,282.0500,282.2000,281.9000,282.1000,97600
1492762441,281.9500,282.2500,281.5500,282.1000,105000
1492762740,281.7000,282.1000,281.7000,281.9000,100200
1492763040,281.2500,281.9000,281.2000,281.6500,234900
1492763340,279.9500,281.2500,279.6000,281.1500,687800
1492763640,279.9000,280.2000,279.6500,279.9000,320400
1492763941,280.1500,280.6000,279.7500,279.9500,213600
1492764244,280.0000,280.4000,279.4500,280.3500,273300
1492764599,280.2500,280.4000,279.6500,279.9500,177500
1492764845,281.0000,281.0000,280.2000,280.3000,202600
1492765140,281.1500,281.2000,280.8000,280.9500,215600
1492765443,281.2500,281.4000,280.4000,281.0500,208700
1492765741,281.4000,281.6000,281.1500,281.3500,167900
1492766041,281.7500,281.8000,281.3000,281.5000,197400
1492766340,281.8000,281.9500,281.5000,281.7000,184900
1492766699,282.0500,282.3000,281.7500,281.8500,211000
1492766941,282.2500,282.7000,282.1000,282.1000,241400
1492767241,281.9000,282.4500,281.8000,282.3500,236100
1492767540,282.0000,282.1500,281.3500,282.0500,235600
1492767842,282.1000,282.3000,281.6500,282.1000,243200
1492768140,282.5000,282.6000,281.8500,282.0000,469400
1492768440,282.6500,282.8500,282.3000,282.4500,292400
1492768740,282.4000,282.6500,282.2500,282.6000,215800
1492768800,282.2000,282.2000,282.2000,282.2000,0
1493005740,282.1000,283.8000,281.0000,283.2500,400700
1493006098,282.2000,282.4000,281.7000,282.0500,161400
1493006341,282.3500,282.5000,282.0500,282.2500,81700
1493006642,282.9000,283.0000,282.1000,282.3000,137400
1493006940,283.8500,283.8500,282.8500,283.0000,173000
1493007298,283.2500,283.8000,283.0000,283.6000,101100
1493007549,283.3500,283.4000,283.0500,283.2000,53300
1493007846,283.2000,283.4000,283.1000,283.3000,47500
1493008146,283.2500,283.4000,283.2000,283.3000,55500
1493008440,284.0000,284.2500,283.3000,283.4000,275700
1493008743,283.4000,284.0000,283.1000,283.9000,102000
1493009040,283.1000,283.7000,283.1000,283.3500,60000
1493009399,283.2000,283.3500,282.8000,283.1500,109500
1493009642,283.1000,283.4000,283.0500,283.4000,55100
1493009941,282.8000,283.2500,282.6500,283.0500,98900
1493010241,282.5500,283.1000,282.2000,282.9500,136400
1493010543,283.4000,283.5000,282.4500,282.6000,103300
1493010840,283.1000,283.5500,283.0000,283.3500,107200
1493011141,282.9500,283.1500,282.8000,283.0500,67800
1493011441,282.9000,283.1000,282.7500,283.0000,57400
1493011750,283.0000,283.1000,282.8000,282.9500,49200
1493012040,283.0500,283.2000,282.9000,283.0500,71900
1493012340,283.0000,283.1500,282.8000,283.1000,46600
1493012640,282.9500,283.1000,282.8000,282.9000,40000
1493012942,282.8500,283.0500,282.7500,283.0000,50900
1493013240,282.5500,282.8500,282.5000,282.7500,52500
1493013543,282.4500,282.7000,282.3000,282.5000,79600
1493013841,282.6500,282.9000,282.3500,282.5500,73500
1493014143,282.4000,282.7000,282.3000,282.7000,46500
1493014443,282.6000,282.7000,282.3000,282.4500,48300
1493014741,282.5000,282.7000,282.3500,282.7000,50600
1493015045,282.3500,282.7000,282.3000,282.6000,59000
1493015343,283.0500,283.5500,282.4000,282.6500,174800
1493015640,283.0500,283.2500,282.8500,283.1000,59400
1493015942,282.9500,283.2000,282.8000,283.0000,40600
1493016299,282.7500,283.0000,282.7000,282.8000,41100
1493016541,283.2500,283.3000,282.7000,282.8000,56900
1493016840,283.2000,283.3000,282.8500,283.2000,31400
1493017143,283.8500,284.0000,283.0500,283.0500,152800
1493017441,284.3500,284.7500,283.6000,283.9000,303600
1493017740,284.0000,284.6500,283.9000,284.4500,186300
1493018040,284.8000,285.4500,284.0500,284.0500,400000
1493018341,284.8000,285.2500,284.5500,284.9000,188800
1493018641,284.7500,284.9000,284.3500,284.8000,117700
1493018947,284.4000,284.8000,284.2500,284.8000,79600
1493019240,284.1500,284.5000,284.0500,284.3000,50300
1493019540,284.3500,284.5500,284.1500,284.1500,52600
1493019899,285.0000,285.1000,284.3000,284.6000,97600
1493020146,284.9000,285.3500,284.9000,285.0500,116500
1493020441,285.0000,285.1000,284.6500,284.8500,99400
1493020746,285.2000,285.3000,284.9000,285.0500,94800
1493021045,284.6000,285.4000,284.5500,285.1500,70600
1493021341,284.6000,284.8500,284.5500,284.7500,50800
1493021699,284.5000,284.8000,284.5000,284.6500,50900
1493021940,284.1500,284.6000,284.0500,284.5500,74700
1493022243,284.1500,284.5500,284.1000,284.1000,61800
1493022540,284.0000,284.2000,283.8500,284.2000,85100
1493022841,283.9000,284.1500,283.8000,284.0500,50000
1493023140,284.2500,284.4000,283.9000,283.9500,70500
1493023443,284.0500,284.3500,284.0000,284.3000,34500
1493023741,283.8500,284.2500,283.5500,284.1000,70200
1493024099,284.7500,284.9500,283.8000,283.9500,131900
1493024349,284.5000,284.9000,284.5000,284.8000,164500
1493024642,285.2000,285.3500,284.5000,284.5500,261400
1493024940,286.5500,286.6000,285.2000,285.2500,745400
1493025243,287.1500,287.2000,286.1500,286.6000,599800
1493025540,287.1500,287.8000,286.8000,287.2000,549800
1493025841,286.2000,287.3500,286.2000,287.2000,220700
1493026140,286.5000,286.7000,286.2500,286.3000,125500
1493026442,286.8000,287.0000,286.3500,286.3500,189200
1493026742,286.4000,286.8000,286.2000,286.7000,151100
1493027040,285.6000,286.4500,285.6000,286.4500,235700
1493027342,285.6500,285.7500,285.3000,285.7500,270100
1493027642,286.0000,286.0500,285.3500,285.5500,249300
1493027999,286.0000,286.1500,285.8000,286.1000,148600
1493028000,286.0500,286.0500,286.0500,286.0500,100
1493092141,286.6500,287.8500,286.5000,287.8000,0
1493092442,286.9000,286.9000,286.4000,286.6000,118600
1493092741,286.6000,287.0000,286.5000,286.7000,146700
1493093042,285.3500,286.7000,285.1500,286.6500,316500
1493093340,285.9500,286.2500,285.2000,285.2000,121400
1493093640,286.6500,286.8500,285.7500,285.9000,118000
1493093941,288.3500,288.4000,286.6000,286.7000,416600
1493094246,287.4500,288.8000,287.4000,288.4000,360300
1493094540,287.0000,287.7500,287.0000,287.4000,169100
1493094841,287.0000,287.2000,286.7500,287.0500,168300
1493095142,287.2500,287.6500,286.8500,286.8500,126700
1493095440,287.3000,287.4000,287.1500,287.3000,55600
1493095754,287.1000,287.4500,287.0000,287.4000,65400
1493096045,287.3000,287.5000,287.0500,287.1500,101900
1493096340,286.8000,287.3000,286.6000,287.2500,286800
1493096648,287.0500,287.2000,286.7000,286.7500,76400
1493096950,287.1000,287.4000,287.0500,287.1000,66200
1493097254,286.8000,287.2000,286.8000,287.1500,149300
1493097540,287.2500,287.3000,286.6500,286.7500,204400
1493097845,286.8500,287.2000,286.6500,287.2000,135900
1493098141,286.8000,287.0000,286.8000,286.9000,58500
1493098440,286.8500,287.0000,286.6500,286.7500,124300
1493098741,286.8000,287.1000,286.8000,286.9000,155900
1493099041,287.5000,287.7000,286.8000,286.8500,180800
1493099347,287.2500,287.6000,287.2000,287.6000,92100
1493099641,287.0500,287.3500,287.0000,287.3000,48700
1493099940,287.2000,287.3000,286.9500,287.1000,58000
1493100257,287.0500,287.3000,286.9500,287.2500,67000
1493100541,286.8000,287.0500,286.8000,287.0000,64100
1493100840,286.8500,286.9000,286.7000,286.8500,58000
1493101141,287.0500,287.0500,286.7500,286.8000,66000
1493101443,286.9500,287.2000,286.8500,287.0000,63400
1493101741,287.0500,287.2500,286.9500,287.1000,81000
1493102041,287.2500,287.3500,287.0000,287.1500,102000
1493102341,287.2500,287.3000,287.0500,287.2500,83800
1493102641,287.2000,287.4000,287.1000,287.3000,65200
1493102945,287.1000,287.3500,287.1000,287.1000,59400
1493103240,287.2500,287.3000,287.1000,287.1500,71000
1493103540,287.0000,287.2500,287.0000,287.1000,55700
1493103870,286.9500,287.1500,286.8000,287.0500,54800
1493104142,287.0500,287.2000,286.9000,286.9000,55300
1493104445,287.2500,287.5000,286.9500,287.1000,151900
1493104740,287.3000,287.5000,287.2500,287.4500,132900
1493105040,287.6000,287.8500,287.2500,287.3000,214300
1493105340,287.7000,287.8500,287.5500,287.7000,170100
1493105641,287.6500,287.8500,287.6000,287.8000,113100
1493105940,287.7000,288.5000,287.6000,287.8500,464100
1493106242,287.0500,287.9000,287.0500,287.9000,142500
1493106541,286.2000,287.0000,285.7000,287.0000,471100
1493106840,286.0000,286.4500,285.9000,286.1500,180800
1493107141,285.5500,286.2500,285.0000,285.9000,318300
1493107440,286.0000,286.1500,285.3500,285.5000,127200
1493107740,285.7500,286.2500,285.7000,286.0500,90200
1493108099,285.8500,286.1000,285.6500,285.7000,83700
1493108342,285.2000,285.8500,285.2000,285.8000,165000
1493108641,285.8000,285.9500,285.1500,285.2500,156300
1493108940,286.1500,286.2000,285.8000,285.8500,123100
1493109240,286.2000,286.6500,286.0000,286.2000,191500
1493109599,286.4000,286.6000,286.0000,286.1500,118800
1493109899,286.2000,286.7000,286.2000,286.5000,158600
1493110140,286.4500,286.6500,285.8000,286.3000,185800
1493110442,286.3000,286.4500,286.0500,286.3000,81100
1493110740,286.1500,286.3500,285.8500,286.1500,117400
1493111043,285.8500,286.2000,285.8000,286.1000,97800
1493111340,286.2000,286.3000,285.8500,285.9000,97800
1493111640,285.9500,286.3000,285.9000,286.1500,92700
1493111940,285.7000,286.0500,285.5500,286.0000,146400
1493112240,285.8500,285.8500,285.6000,285.6000,67700
1493112540,285.6500,286.1500,285.6000,285.9000,160100
1493112840,286.2000,286.2000,285.7000,285.8000,184300
1493113140,286.2000,286.3000,286.0500,286.1500,148200
1493113440,286.0500,286.3500,285.9000,286.3000,243400
1493113741,286.0000,286.2500,285.7000,286.0000,366200
1493114040,286.2000,286.2500,285.7000,286.1000,390700
1493114341,285.8500,286.3000,285.7500,286.1000,273900
1493178599,287.9000,288.0000,287.1000,287.4000,0
1493178841,288.0000,288.8000,287.7500,287.9500,434200
1493179140,288.4000,288.4000,287.5500,287.9000,154900
1493179442,288.1500,288.5000,287.9500,288.3000,210800
1493179740,288.4000,288.4500,287.8000,288.2500,284600
1493180042,288.0000,288.5000,287.8000,288.3000,255200
1493180341,287.8000,288.1500,287.8000,288.1500,199500
1493180641,287.2500,287.9000,287.1500,287.9000,194700
1493180940,287.4000,287.6000,287.2500,287.3500,103700
1493181240,287.3500,287.5500,287.2000,287.3500,129800
1493181540,286.9000,287.4500,286.5000,287.3000,381700
1493181842,287.3500,287.4500,286.7000,286.8000,117500
1493182140,287.2500,287.3500,287.0000,287.3000,75900
1493182442,287.3500,287.4500,287.1000,287.3000,72500
1493182741,287.4000,287.7500,287.3000,287.4000,146900
1493183040,287.5500,287.8000,287.2500,287.3000,95400
1493183340,287.4000,287.6500,287.3000,287.6500,58800
1493183640,287.5000,287.7000,287.1000,287.4500,132400
1493183940,287.1500,287.6000,287.1500,287.3000,93900
1493184240,287.2000,287.4500,287.0500,287.2000,74700
1493184541,287.2000,287.3500,287.0500,287.2500,59500
1493184841,287.2000,287.3000,287.0500,287.2500,56300
1493185141,287.4500,287.4500,287.1000,287.1500,68800
1493185443,286.4500,287.4500,286.4500,287.4000,323200
1493185740,287.2000,287.4500,286.2500,286.3000,184100
1493186040,287.1500,287.3500,287.0000,287.3000,74100
1493186340,286.9000,287.2500,286.8500,287.2000,60200
1493186640,287.0000,287.2000,286.8000,286.9500,83400
1493186940,286.9000,287.2500,286.8500,286.9000,89500
1493187247,286.8000,287.2000,286.7500,286.9500,82700
1493187540,286.6500,287.1500,286.5500,286.7500,83200
1493187842,286.7500,287.0500,286.6000,286.7000,66500
1493188140,286.9000,286.9000,286.6000,286.8500,71900
1493188440,286.8000,286.9000,286.6500,286.7000,151500
1493188799,286.7500,286.9000,286.5500,286.8500,120200
1493189041,287.1000,287.1000,286.6500,286.8500,146000
1493189340,286.9000,287.1000,286.7000,287.0500,96000
1493189641,287.1000,287.2000,286.8500,286.9500,79500
1493189942,287.2000,287.3000,287.0500,287.0500,112400
1493190240,286.9500,287.3000,286.9000,287.3000,140300
1493190540,287.0500,287.3000,286.9000,286.9000,120500
1493190841,286.9000,287.2000,286.9000,287.2000,114200
1493191140,287.3000,287.3000,286.9500,286.9500,77700
1493191440,287.2500,287.5000,287.0500,287.1500,113500
1493191742,287.1500,287.4000,286.9000,287.1500,188400
1493192041,287.2500,287.3500,287.0500,287.1000,75400
1493192342,287.3000,287.4000,287.0000,287.3000,120700
1493192643,287.2500,287.6500,287.2000,287.3500,189300
1493192941,287.3000,287.4500,287.0500,287.3000,102900
1493193243,287.7000,287.7500,287.2500,287.4000,123800
1493193541,287.4000,287.6500,287.3000,287.6500,121700
1493193840,287.5500,287.5500,287.3000,287.3000,65900
1493194142,287.9500,288.0000,287.5000,287.5000,397400
1493194440,288.0500,288.2000,287.7000,287.9000,217000
1493194741,289.1500,289.5000,287.8500,288.0000,1027700
1493195040,288.6000,289.5000,288.5000,289.0500,448700
1493195340,288.8500,288.9500,288.3500,288.7000,195400
1493195641,288.5000,289.0000,288.4000,288.9000,111900
1493195946,288.1000,288.7500,288.1000,288.5500,126800
1493196240,286.7000,288.2500,286.4000,288.2500,591900
1493196540,286.7500,286.9000,286.0500,286.7500,296200
1493196841,285.3500,286.7000,285.1000,286.7000,373100
1493197140,285.2500,285.8500,284.5000,285.3000,244200
1493197441,284.3000,285.3000,284.1000,285.2000,221800
1493197742,284.9500,285.3000,283.4000,284.2500,302000
1493198041,284.3500,285.0500,284.1000,284.9000,152100
1493198340,284.6000,285.0000,284.2500,284.4000,174300
1493198640,285.3500,285.4000,284.4000,284.5500,193200
1493198941,285.4000,285.5000,285.0000,285.3000,103400
1493199242,286.6500,286.7000,285.4000,285.4500,328100
1493199541,286.4500,286.9000,286.2000,286.7000,152900
1493199840,286.8000,287.3000,286.2500,286.4000,313800
1493200143,286.5500,287.1000,286.5000,286.6500,285900
1493200440,286.1500,286.7000,286.0000,286.6000,238100
1493200740,285.8000,286.4500,285.6500,286.0000,185600
1493200800,285.7500,285.7500,285.7500,285.7500,0
1493264940,284.9000,286.6500,284.5500,285.8000,0
1493265240,286.4500,286.4500,284.8000,284.9500,317200
1493265541,286.0500,286.3000,285.5000,286.3000,217300
1493265840,286.1500,286.5000,285.5000,286.1500,180600
1493266140,287.5500,287.9000,286.1500,286.2000,469000
1493266440,286.8500,287.5500,286.6500,287.5000,185400
1493266741,286.3000,286.8000,286.1500,286.8000,145300
1493267043,286.3000,286.7000,286.2000,286.2500,171200
1493267345,285.8000,286.3500,285.6000,286.3500,152700
1493267642,285.6500,286.0000,285.5500,285.9000,87000
1493267940,285.3500,285.6500,285.1000,285.6000,214400
1493268241,285.2500,285.7000,285.1000,285.5000,102400
1493268553,285.6000,285.7500,285.2000,285.3000,60800
1493268840,285.8500,286.0000,285.5000,285.7000,71900
1493269143,285.4500,285.8000,285.2000,285.7500,90600
1493269497,285.3000,285.5000,284.8500,285.4000,143400
1493269744,285.6000,285.8000,285.1000,285.2500,79900
1493270045,285.8500,286.0000,285.4000,285.6500,212800
1493270345,285.2500,286.0000,285.1500,285.9000,156000
1493270646,285.3500,285.6500,285.1500,285.1500,120700
1493270940,285.6500,285.7500,285.2500,285.4000,68100
1493271243,285.7500,285.9500,285.5000,285.7500,106700
1493271552,285.6000,285.7500,285.4000,285.7000,68800
1493271840,286.1000,286.3000,285.5000,285.5500,217300
1493272196,286.2500,286.3000,286.0000,286.1500,154200
1493272441,286.1500,286.4000,285.9000,286.3000,175300
1493272797,285.9500,286.3500,285.7000,286.0000,206800
1493273044,285.9000,286.2000,285.8500,285.9000,57800
1493273343,285.7500,286.0000,285.6500,285.9500,187100
1493273641,285.3500,285.8000,285.3500,285.8000,52000
1493273945,285.6000,285.6000,285.2000,285.3000,69700
1493274240,285.2000,285.6000,284.8500,285.5000,173800
1493274542,285.1000,285.3000,284.9500,285.2500,79200
1493274845,284.5500,285.1500,284.2500,285.1500,268800
1493275144,284.9000,284.9500,284.4500,284.5000,130400
1493275495,284.6000,284.9000,284.5000,284.8500,105800
1493275742,284.1000,284.7000,283.7500,284.7000,257800
1493276043,284.0500,284.2000,283.7000,284.0000,108300
1493276354,284.4000,284.5000,284.1000,284.1000,83100
1493276649,284.1500,284.5500,284.1000,284.3500,119900
1493276944,283.9000,284.3000,283.8500,284.1000,107600
1493277241,283.8500,283.9000,283.4000,283.8500,190700
1493277541,284.1500,284.3000,283.5000,283.9000,217300
1493277840,283.7000,284.0500,283.6000,284.0500,76100
1493278199,284.5500,284.7000,283.6500,283.7500,181800
1493278499,284.3500,285.0000,284.0500,284.6000,206400
1493278741,285.0500,285.2000,284.2500,284.4000,174500
1493279040,285.3000,285.9000,285.0000,285.1000,263400
1493279399,285.3000,285.4000,284.5000,285.3500,194800
1493279640,284.9000,285.2500,284.8000,285.2000,103100
1493279940,284.6000,285.1000,284.3500,284.9500,122900
1493280240,285.0500,285.1500,284.5000,284.5000,114600
1493280552,284.8500,285.1000,284.5000,285.1000,91000
1493280842,284.7500,284.8500,284.5000,284.8000,84100
1493281141,284.3500,284.8000,284.2000,284.7000,156900
1493281450,284.2000,284.3500,284.0500,284.3000,127500
1493281740,284.2000,284.2500,283.8000,284.2500,207600
1493282040,284.0500,284.4500,284.0000,284.1500,121100
1493282341,284.5000,284.5000,283.9500,284.1000,211500
1493282642,284.3000,284.5000,284.0500,284.4500,213300
1493282946,284.4000,284.4500,283.6500,284.2500,215100
1493283299,284.0000,284.4500,283.9000,284.4500,174200
1493283540,283.8000,284.1500,283.8000,284.0500,125100
1493283840,283.9500,284.3000,283.7000,283.7500,159100
1493284140,283.9000,284.2500,283.9000,283.9000,213800
1493284444,283.8000,284.1000,283.5000,284.1000,301800
1493284740,282.8000,284.0000,282.6500,283.9000,499800
1493285041,284.2500,284.3000,282.5500,282.8500,489900
1493285341,283.8000,284.2000,283.5500,284.2000,386800
1493285641,281.5500,283.7500,281.4500,283.7000,1996700
1493285943,281.5000,281.7500,281.1000,281.6500,1683600
1493286240,281.6500,282.5000,281.5000,281.7000,1874600
1493286543,281.5000,281.7500,281.0500,281.6000,1857700
1493286840,282.7000,283.0500,281.4000,281.4000,2057700
1493287141,282.5500,283.0000,282.5500,282.6500,1070200
1493351341,283.7500,283.7500,282.5000,283.1000,0
1493351640,283.8500,284.6000,283.5500,283.7000,261600
1493351947,283.7500,284.0000,283.5000,283.9000,152700
1493352241,284.5000,284.5000,283.5000,283.6000,189700
1493352540,284.5000,284.9500,284.2500,284.4500,180500
1493352841,284.3000,284.8000,284.2500,284.5500,104900
1493353140,284.1500,284.5000,284.1000,284.3500,97600
1493353442,283.9500,284.3500,283.8500,284.1000,77000
1493353742,283.8500,284.1000,283.8000,284.0000,62000
1493354041,284.2000,284.2000,283.7500,283.8000,58800
1493354399,284.2500,284.4000,284.1500,284.1500,61100
1493354640,283.7500,284.3000,283.7000,284.3000,39800
1493354940,283.7000,283.9000,283.3000,283.7000,165700
1493355240,284.1500,284.2000,283.6500,283.7500,66500
1493355540,284.4000,284.4500,284.1000,284.2000,122200
1493355842,284.8500,284.8500,284.2500,284.3000,107400
1493356141,285.0000,285.3500,284.5500,284.9000,173500
1493356443,284.3500,285.1500,284.3500,284.9500,58600
1493356742,284.7000,284.8500,284.3000,284.4500,41100
1493357042,284.7000,284.9500,284.6500,284.6500,75100
1493357341,284.6000,284.9000,284.5500,284.7500,37200
1493357640,283.7000,284.7000,283.6500,284.7000,132200
1493357940,283.6000,283.8500,283.6000,283.6500,203900
1493358242,283.5000,283.6500,283.3000,283.5500,241200
1493358541,283.4000,283.6500,283.3000,283.4500,127400
1493358840,283.5000,283.5000,283.3000,283.4500,47600
1493359142,283.6500,283.8500,283.1000,283.4500,170700
1493359442,284.3000,284.5000,283.5500,283.7000,174300
1493359740,284.0000,284.5000,283.9000,284.4500,104900
1493360043,283.8500,284.0500,283.7000,283.9500,49900
1493360340,283.8000,284.0500,283.8000,283.9000,50600
1493360699,283.8500,284.0000,283.6000,283.7500,154500
1493360941,284.0000,284.1500,283.8000,284.0000,97500
1493361245,283.4500,284.1500,283.2000,284.1000,105000
1493361541,283.7000,283.7500,283.4000,283.4000,61700
1493361840,283.9500,284.0500,283.5000,283.7500,75500
1493362141,284.2000,284.5000,283.8500,283.9000,117200
1493362441,284.7000,284.8000,284.2000,284.3000,177300
1493362744,284.0500,284.7000,284.0500,284.6500,40400
1493363048,284.3500,284.3500,284.0500,284.0500,30000
1493363348,284.3500,284.5000,284.3500,284.4000,38800
1493363641,284.6000,284.6500,284.3000,284.4000,90000
1493363948,284.3000,284.5000,284.3000,284.4500,52500
1493364240,285.5000,285.5500,284.3000,284.3000,274100
1493364544,285.4000,285.7500,285.2500,285.6000,273900
1493364843,285.2000,285.3500,285.0000,285.3000,93300
1493365142,285.2500,285.4000,285.0000,285.2500,66300
1493365441,286.2000,286.3000,285.3000,285.3000,396600
1493365742,286.0000,286.3500,286.0000,286.1000,142500
1493366045,286.5000,286.6000,286.0000,286.0500,155600
1493366343,286.6500,286.9500,286.3500,286.6000,304000
1493366642,287.2500,288.1500,286.5500,286.5500,686400
1493366944,287.2000,287.6500,287.0000,287.3500,189500
1493367241,286.5500,287.4500,286.5500,287.3000,151100
1493367540,286.6000,287.2000,286.5500,286.6500,112000
1493367896,286.7500,287.1000,286.5000,286.5500,157400
1493368141,287.3500,287.3500,286.6000,286.8500,125400
1493368498,287.2000,287.7500,286.8500,287.3000,129800
1493368741,287.6000,287.6500,286.8500,287.1000,72500
1493369041,286.5000,287.7500,286.4500,287.6500,149000
1493369341,286.4500,286.7500,286.1000,286.6500,173600
1493369642,286.7000,286.9500,286.3000,286.5000,123400
1493369940,287.1000,287.3000,286.5000,286.6000,144500
1493370299,287.1000,287.3000,286.8000,287.1500,147100
1493370540,287.2500,287.6000,286.9500,287.0000,177200
1493370841,287.6000,287.6000,286.8500,287.1500,168500
1493371140,288.2000,288.5000,287.5000,287.5500,602500
1493371440,289.9500,290.5000,288.0500,288.2500,1082800
1493371740,289.9000,290.7000,289.6000,289.8500,652800
1493372042,289.9000,290.1000,289.2000,289.9500,455700
1493372340,289.6500,290.2000,289.3000,289.8500,381000
1493372641,289.4000,289.6500,289.1000,289.6000,420900
1493372940,290.0000,290.3000,289.4000,289.4500,525000
1493373241,289.9500,290.1000,289.7000,290.0500,484500
1493373545,289.2500,289.9500,289.2500,289.9000,305400
1493696940,291.1000,292.1500,290.4500,290.9000,0
1493697241,291.1500,291.7500,291.0000,291.2000,248000
1493697540,291.0500,291.6000,290.8000,291.1000,172800
1493697899,292.2000,292.4000,291.1000,291.1000,334600
1493698145,291.9500,292.4000,291.6000,292.1500,224200
1493698441,291.5000,291.9500,291.2500,291.8500,210700
1493698740,291.4000,291.6000,291.1000,291.3500,113400
1493699042,291.8500,291.8500,291.2500,291.5000,154800
1493699340,291.4000,291.9500,291.2500,291.7000,227000
1493699642,291.4000,291.5500,291.1000,291.4500,107500
1493699943,291.2000,291.5000,291.0500,291.3000,89500
1493700240,290.6000,291.2000,289.7500,291.1000,339200
1493700546,290.6000,290.7500,290.2000,290.5000,92500
1493700841,289.9000,290.7000,289.8500,290.7000,106100
1493701141,290.5000,290.6000,289.8000,289.8500,90300
1493701442,290.1000,290.6000,289.9000,290.4500,75800
1493701741,289.8500,290.3000,289.8000,290.2500,85300
1493702045,288.8500,289.9000,288.5500,289.9000,298600
1493702341,287.9500,289.1500,287.3500,288.7500,383300
1493702640,288.7000,288.7000,287.4500,288.0000,172000
1493702941,288.4000,288.9500,288.2500,288.6500,93800
1493703240,288.4500,288.5500,287.6500,288.4500,135400
1493703540,288.6000,288.8000,288.3000,288.5500,89400
1493703842,288.1000,288.6500,287.8000,288.4500,103500
1493704144,287.7500,288.0500,287.1000,288.0500,156700
1493704443,288.1500,288.2500,287.7000,287.8000,59400
1493704740,288.0000,288.2000,287.7500,288.2000,54500
1493705040,288.2000,288.2000,287.7000,287.8000,40300
1493705399,288.3000,288.4000,287.9000,288.2500,50600
1493705641,288.8000,288.8000,288.2500,288.4000,70100
1493705940,288.5000,288.9500,288.3000,288.7500,75400
1493706299,288.6000,288.6500,288.3000,288.6000,51200
1493706540,288.5000,288.6000,288.4000,288.5500,32200
1493706850,288.2500,288.5000,288.2000,288.4500,50100
1493707141,288.3500,288.4500,288.0500,288.3000,77000
1493707440,288.8000,288.9000,288.2000,288.2000,92100
1493707741,289.7000,289.7000,288.7500,288.7500,175700
1493708045,289.7500,289.7500,289.3000,289.6000,138400
1493708342,290.0000,290.0000,289.5000,289.9000,153900
1493708640,289.7000,290.0000,289.3500,290.0000,107800
1493708942,289.9000,290.1500,289.5500,289.5500,118800
1493709299,289.6000,289.9000,289.5000,289.8500,141600
1493709598,289.6000,289.8500,289.5000,289.6500,73700
1493709841,289.7000,289.9000,289.5500,289.7500,49700
1493710140,289.7000,289.8500,289.5000,289.8000,45800
1493710440,289.4000,289.7500,289.3000,289.7000,61000
1493710741,289.1500,289.6000,289.0500,289.4500,54200
1493711099,289.2000,289.3000,288.9000,289.1000,87300
1493711340,289.5500,289.7500,289.0500,289.0500,57700
1493711640,289.4000,289.6500,289.3000,289.6500,34100
1493711999,289.5000,289.6500,289.1500,289.3500,52900
1493712240,289.3500,289.6000,289.2500,289.5500,37700
1493712540,289.4000,289.5000,289.2000,289.4500,30400
1493712840,289.4500,289.5000,289.3000,289.4500,33100
1493713141,289.7000,289.9000,289.3500,289.3500,65000
1493713440,289.5500,289.7500,289.0000,289.7500,85900
1493713740,289.5500,289.7000,289.1500,289.4500,135800
1493714040,289.4000,289.5500,289.1500,289.5000,61300
1493714340,288.8500,289.4000,288.8000,289.3500,114500
1493714641,288.8500,289.4000,288.8000,288.8000,69600
1493714946,289.0000,289.2000,288.8500,289.0000,57600
1493715240,288.6000,289.0000,288.4000,288.9000,119300
1493715542,288.7500,288.8000,288.2500,288.5500,113100
1493715840,289.1000,289.4000,288.6000,288.7000,91100
1493716142,289.1500,289.4000,289.0500,289.2500,64700
1493716440,288.7000,289.4000,288.7000,289.0500,68900
1493716746,288.8500,289.2000,288.7000,288.8500,71700
1493717040,288.8500,289.1000,288.7000,288.7500,90200
1493717399,289.0000,289.2000,288.7000,288.8000,69700
1493717640,288.7500,289.1000,288.6000,289.1000,132000
1493717940,288.4000,288.7500,288.3500,288.6500,183200
1493718242,288.5500,288.7500,288.2500,288.3500,209900
1493718540,288.6000,288.7000,287.9000,288.6000,453300
1493718840,287.9000,288.6000,287.8000,288.5500,357300
1493719140,288.4000,288.6000,287.7500,287.8500,243300
1493719200,288.3500,288.3500,288.3500,288.3500,0
1493783340,289.1500,289.8000,288.6000,289.4500,0
1493783643,288.5000,289.4000,288.1000,289.3000,156600
1493783940,288.8500,288.8500,288.2500,288.5500,113700
1493784240,288.6500,289.0000,288.4000,288.7000,102500
1493784542,288.6500,288.7000,288.4000,288.5000,46400
1493784843,288.3500,288.8000,288.1000,288.7000,75500
1493785140,287.4500,288.5000,287.1000,288.2500,217500
1493785450,287.7000,287.9000,287.2000,287.4000,112200
1493785742,287.6500,287.9500,287.5500,287.7500,89900
1493786040,287.8000,287.9000,287.5500,287.7500,63200
1493786344,287.5000,287.9000,287.3000,287.8500,62600
1493786641,287.6500,287.7000,287.4000,287.4500,77800
1493786941,287.4500,287.7000,287.4000,287.6000,25400
1493787242,287.5000,287.7000,287.5000,287.5000,43300
1493787542,287.4000,287.8000,287.2000,287.5500,117100
1493787847,287.4000,287.6500,287.2500,287.4500,52700
1493788142,287.4000,287.8500,287.3500,287.5500,48300
1493788498,287.4000,287.6000,287.3500,287.5000,19700
1493788742,287.0000,287.4500,286.6000,287.3500,136100
1493789098,286.9000,287.3000,286.6000,287.0500,83300
1493789397,286.6000,287.0000,286.6000,287.0000,88000
1493789644,286.6500,286.7500,286.2500,286.6500,105800
1493789940,286.5000,286.7000,286.4000,286.7000,48400
1493790245,286.0000,286.6000,285.8000,286.4500,148300
1493790541,286.1000,286.1500,285.8500,285.8500,65700
1493790841,286.2500,286.7500,285.9000,285.9000,121200
1493791141,286.7500,286.7500,286.0500,286.2000,53100
1493791443,286.3500,286.8000,286.3500,286.7000,71000
1493791744,285.9500,286.5000,285.9000,286.3000,112900
1493792042,286.0000,286.2500,285.8500,286.0000,67400
1493792341,286.5000,286.6000,285.9000,285.9500,43400
1493792640,287.5500,287.9000,286.4000,286.4000,272500
1493792940,287.0500,287.6500,286.8000,287.6000,201100
1493793242,287.1000,287.6000,287.0000,287.1000,123200
1493793542,287.0000,287.4000,286.8000,287.0500,136800
1493793846,286.4500,287.0000,286.4000,286.9000,53900
1493794141,287.6500,287.7500,286.4000,286.5000,202200
1493794443,287.2000,287.7000,287.2000,287.6000,70000
1493794743,287.2000,287.5000,286.9000,287.2500,108400
1493795043,286.9500,287.5000,286.7000,287.2500,69600
1493795342,286.8000,287.0000,286.4500,286.7500,59800
1493795641,287.2000,287.2000,286.7000,286.7500,54900
1493795942,287.1000,287.1500,287.0000,287.1500,45800
1493796243,286.9000,287.1500,286.9000,287.1000,40500
1493796542,287.0500,287.1000,286.9000,287.0000,34500
1493796843,287.0000,287.1000,286.9000,286.9500,41500
1493797197,287.1500,287.2500,286.9500,287.0500,46800
1493797440,288.0000,288.1000,287.0000,287.0500,257100
1493797740,288.4500,288.6500,287.7500,288.0500,253400
1493798040,288.3000,288.4500,288.1000,288.3500,67400
1493798342,289.5500,289.7000,288.2000,288.4000,318000
1493798640,290.7500,290.8500,289.2500,289.3500,714400
1493798943,290.1500,290.7000,289.6500,290.6500,256700
1493799240,291.2500,291.8000,289.9000,290.2000,583800
1493799542,292.1500,292.2000,290.8500,291.2000,565900
1493799840,291.8000,292.1500,291.6000,292.0000,346600
1493800140,292.7500,292.8500,291.7000,291.9000,428500
1493800440,292.0000,293.2000,292.0000,292.8000,490800
1493800742,292.1500,292.5000,291.8500,292.0500,589800
1493801040,292.4500,292.4500,291.6500,292.1000,176200
1493801341,289.9000,292.7000,289.2500,292.5000,946100
1493801641,290.3500,290.6000,289.3000,289.9500,525200
1493801943,290.4500,290.7500,289.9000,290.4000,299100
1493802240,289.9000,290.5000,289.5000,290.4000,322200
1493802598,290.1500,290.5500,289.6500,289.8500,176100
1493802840,290.0500,290.5000,290.0000,290.2000,114000
1493803141,290.4000,290.7000,290.0000,290.1000,105800
1493803440,290.1500,290.4500,289.8500,290.4500,95900
1493803743,290.0500,290.3500,290.0500,290.1000,68600
1493804042,290.6000,290.8000,289.9500,290.1500,213100
1493804342,290.1500,290.6500,289.8000,290.5500,244900
1493804641,290.1000,290.2000,289.8500,290.2000,223900
1493804940,289.7000,290.1500,289.2500,290.0000,408400
1493805240,289.1000,289.9000,289.0500,289.7500,279200
1493805598,289.5000,289.9000,289.0500,289.2000,425500
1493805600,289.4000,289.4000,289.4000,289.4000,0
1493869740,294.2500,294.5000,293.1000,294.0000,0
1493870043,293.6500,294.6500,293.3500,294.3000,489900
1493870340,294.0500,294.2000,293.6000,293.6000,481700
1493870640,295.3000,295.9000,294.0500,294.1000,1064300
1493870941,296.0000,296.4000,295.3000,295.4500,901700
1493871242,296.0500,296.9500,296.0000,296.1000,667500
1493871540,296.3500,296.6000,295.8000,296.1500,561100
1493871841,295.4000,296.3500,295.2000,296.3000,316300
1493872140,294.7500,295.4500,294.5000,295.3000,363000
1493872442,295.2000,295.4000,294.5000,294.6000,198000
1493872741,294.5000,295.3000,294.5000,295.3000,152200
1493873041,295.0000,295.0000,294.5000,294.5500,106300
1493873340,294.9500,295.2500,294.6000,294.9000,162100
1493873640,294.6000,295.0000,294.5500,294.8500,83500
1493873940,294.5000,294.8000,294.2000,294.5500,137800
1493874299,294.5000,294.7500,294.3000,294.4500,170800
1493874544,294.3000,294.6000,294.0000,294.4000,273300
1493874843,294.8500,294.8500,294.2500,294.4000,125000
1493875140,294.8500,294.9000,294.6000,294.9000,108800
1493875498,294.8500,294.9500,294.6000,294.9000,110100
1493875754,294.7000,294.9500,294.6500,294.7500,106600
1493876042,295.2000,295.3000,294.5000,294.6500,214300
1493876341,295.2000,295.5000,295.0500,295.2500,194900
1493876699,295.8000,295.8500,295.1500,295.2500,206500
1493876941,295.6000,295.8500,295.3500,295.7500,222800
1493877242,295.4000,295.5500,294.7500,295.5500,181900
1493877540,295.4500,295.6500,295.1500,295.4500,122100
1493877841,295.6500,296.0000,295.3000,295.5000,193700
1493878140,295.3000,295.9000,295.2000,295.8500,72400
1493878441,295.4000,295.7000,295.1500,295.2500,145900
1493878799,295.2500,295.7000,295.1500,295.3500,196800
1493879041,296.0500,296.2500,295.2000,295.2500,500600
1493879342,295.3500,296.6000,295.2500,296.0000,508900
1493879641,295.3000,295.6000,295.2500,295.2500,113700
1493879942,295.2500,295.4500,294.9000,295.2500,171000
1493880245,295.2000,295.5000,295.0000,295.1000,115800
1493880540,294.5500,295.1500,294.3500,295.1500,380000
1493880840,294.9000,295.1500,294.3500,294.5000,176400
1493881140,294.5000,295.0000,294.5000,294.7500,97800
1493881497,294.5000,294.6500,294.3000,294.5000,198700
1493881740,294.8500,294.9000,294.4500,294.6000,81400
1493882042,295.2000,295.2000,294.6000,294.7500,176000
1493882341,295.1500,295.3500,294.8000,295.1000,163500
1493882641,295.5500,295.8000,294.8000,294.8000,261900
1493882941,295.5500,295.7000,295.2500,295.4500,117100
1493883240,295.7000,295.8000,295.6000,295.6000,93800
1493883540,295.5500,295.8500,295.5000,295.8000,161900
1493883841,295.5500,295.7000,295.3500,295.5000,129200
1493884146,296.1000,296.3000,295.5500,295.7000,384500
1493884445,296.7000,296.7500,296.0500,296.1500,324900
1493884741,296.8000,297.0000,296.2000,296.5500,601700
1493885041,297.1000,297.3500,296.2500,296.9000,937300
1493885398,296.8500,297.2000,296.5000,297.2000,226900
1493885640,297.2000,297.2000,296.5000,296.9000,180100
1493885943,297.3500,297.7000,297.0000,297.1500,439100
1493886240,297.3500,297.6000,296.8000,297.4500,250100
1493886540,297.2000,297.5500,297.0500,297.3000,234600
1493886842,296.9000,297.7000,296.5500,297.1000,245200
1493887140,296.9000,296.9500,296.5000,296.9500,97700
1493887499,296.8000,297.1000,296.6000,296.9500,122300
1493887744,296.1000,296.8500,296.0500,296.8500,120500
1493888040,296.7000,297.0500,296.0500,296.2500,141100
1493888340,297.0000,297.3000,296.5500,296.6500,143700
1493888699,296.6500,297.3000,296.5500,296.9500,157500
1493888942,297.8000,297.9000,296.6000,296.7000,409200
1493889242,297.2000,297.8500,297.1500,297.7500,233100
1493889540,297.6000,297.7000,297.2500,297.3500,190200
1493889841,298.7500,298.8500,297.4500,297.5000,990900
1493890140,297.7500,299.0000,297.5500,298.8000,860200
1493890442,298.9000,299.0000,297.7000,297.7000,611600
1493890740,298.5500,299.0000,298.2500,298.8500,695600
1493891044,298.7000,298.7000,298.2000,298.5000,415700
1493891340,299.3500,299.4000,298.4500,298.6000,1056100
1493891640,299.5000,299.8000,299.1000,299.2500,849500
1493891941,300.0000,300.0000,299.3000,299.4000,741100
1493892000,299.8000,299.8000,299.8000,299.8000,0
1493956140,299.5500,302.8500,299.5500,301.0000,0
1493956440,299.0000,299.7000,297.3000,299.6000,1338200
1493956741,300.6500,301.0000,298.9000,299.1000,863000
1493957040,300.0000,301.1000,299.6500,300.8500,672300
1493957340,301.1500,301.5000,299.9000,299.9000,763100
1493957643,301.0000,301.2000,300.8000,301.1000,461000
1493957941,301.2000,301.7500,300.9000,300.9000,823300
1493958242,300.3000,301.1000,300.0000,301.0500,332500
1493958541,300.4000,300.7000,299.6000,300.2500,335300
1493958841,300.3000,301.1000,300.2000,300.3500,231500
1493959140,301.2500,301.5000,300.2000,300.3500,313900
1493959440,301.2500,301.5000,301.0000,301.2000,200400
1493959740,300.3500,301.4000,300.3000,301.3000,199000
1493960041,301.1000,301.2000,300.2500,300.5000,160600
1493960341,301.5500,301.9000,301.0500,301.0500,512400
1493960640,301.4000,301.6000,301.2000,301.5000,195400
1493960941,301.5500,301.8000,301.2000,301.3500,192000
1493961299,301.6500,301.8000,301.4000,301.4500,125700
1493961540,302.3000,302.7500,301.5000,301.7500,821800
1493961899,301.7000,302.4000,301.5500,302.3500,251100
1493962140,301.6500,301.9500,301.5500,301.8500,109700
1493962440,302.0500,302.2000,301.5500,301.7000,175000
1493962740,302.4000,302.5000,302.0500,302.1500,219700
1493963040,303.5000,303.5000,302.3500,302.3500,722800
1493963341,303.2000,303.7500,303.1000,303.4500,493500
1493963640,303.6500,304.2000,303.1500,303.1500,656000
1493963943,303.7000,303.9000,303.3500,303.7000,301500
1493964241,304.3500,304.6000,303.5000,303.6500,463100
1493964540,304.6000,304.8500,304.2500,304.5000,570300
1493964841,303.4000,304.7000,303.4000,304.6500,556800
1493965140,303.2000,303.7500,303.1000,303.5500,318600
1493965443,301.5000,303.1500,301.3500,303.1500,947900
1493965740,299.3000,301.7000,299.1000,301.7000,900200
1493966040,299.8000,299.9000,298.5500,299.1500,866100
1493966340,301.2000,301.3000,299.6500,299.7500,458600
1493966699,300.9000,301.2500,300.6000,301.1500,295100
1493966941,301.4000,301.5000,300.9500,301.0000,231000
1493967299,300.7500,301.5000,300.2000,301.5000,306400
1493967541,299.7000,300.9500,299.6500,300.7000,309500
1493967840,300.1000,300.7500,299.7500,299.7500,166800
1493968141,301.0500,301.2000,300.1500,300.1500,162300
1493968440,301.1000,301.5000,300.9500,301.0000,223200
1493968741,301.0000,301.1500,300.5500,301.1500,121900
1493969040,300.9500,301.4500,300.5000,301.0000,154800
1493969341,299.9000,301.1000,299.9000,300.9000,226700
1493969641,300.4000,300.8000,299.5000,299.8000,402100
1493969940,299.3000,300.2500,298.6500,300.1500,370400
1493970240,296.6500,299.4500,296.4000,299.3500,929200
1493970540,296.3000,296.6000,293.2500,296.5000,1239600
1493970840,294.9500,296.5000,294.6000,296.4000,705000
1493971140,294.6000,295.2500,293.1000,295.0000,895800
1493971440,292.8000,294.6000,292.6000,294.5000,506500
1493971741,293.3500,293.5500,292.2500,292.7000,520400
1493972041,294.2000,294.9000,292.8000,293.3000,614800
1493972341,295.4000,295.5000,294.1000,294.3500,483500
1493972640,294.5000,295.8500,294.1000,295.2500,376500
1493972940,295.2000,295.4500,294.4500,294.4500,196600
1493973241,295.8000,295.8000,294.8500,295.1000,271600
1493973540,296.4000,296.4000,295.5000,295.8500,350100
1493973841,296.2000,296.7500,295.5500,296.4500,309300
1493974144,296.4000,296.6000,295.7500,295.9000,185000
1493974441,295.2500,296.5000,295.1500,296.5000,211700
1493974742,295.9000,296.0000,294.7500,295.2000,306700
1493975046,296.4000,296.5000,295.8500,295.9500,201800
1493975341,297.4000,297.7000,296.2000,296.3000,620800
1493975640,296.9500,297.5500,296.6500,297.4500,323700
1493975941,296.6500,297.1000,296.2500,296.9000,215700
1493976240,296.6000,296.9500,296.5000,296.6000,119800
1493976542,296.8000,296.8000,296.2500,296.5500,201600
1493976840,296.4500,297.3000,296.4000,296.6500,298800
1493977140,295.8000,296.7000,295.7500,296.5500,418200
1493977440,295.5500,296.0000,295.2000,295.9000,448100
1493977740,295.6000,296.4500,295.4000,295.7000,685600
1493978040,296.0000,296.2500,295.4500,295.6500,592100
1493978340,296.0000,296.2500,295.8000,295.9500,441700
1493978400,295.9500,295.9500,295.9500,295.9500,200
1494215342,295.3500,296.6500,294.8000,296.1500,0
1494215640,295.4000,295.5000,293.9000,295.2500,390400
1494215940,295.2500,296.0000,295.0500,295.5000,211400
1494216242,295.1000,295.6000,294.9500,295.5000,162100
1494216540,295.3000,295.7000,295.1000,295.1500,74000
1494216899,295.3500,295.4500,295.0500,295.2500,69900
1494217140,296.9000,297.2000,295.3500,295.4000,390200
1494217440,297.3500,297.5000,296.8000,297.0000,202500
1494217740,298.9500,299.2500,297.1500,297.4500,475800
1494218044,299.7500,300.7500,298.8000,298.8000,685900
1494218399,299.7500,299.9000,299.1000,299.8500,197000
1494218699,299.8500,299.9500,299.2500,299.8000,134900
1494218940,299.2500,299.9000,299.2500,299.8000,104900
1494219299,298.6500,299.5000,298.6500,299.1500,162600
1494219544,299.4000,299.7500,298.6000,298.7000,125800
1494219840,299.6500,299.8000,299.3000,299.5500,64800
1494220145,299.8500,299.9000,299.5000,299.7500,84700
1494220444,299.8000,300.0000,299.7000,299.9000,106200
1494220740,299.9000,300.0000,299.5500,299.7000,100400
1494221041,299.2500,300.0000,299.2000,299.8500,127600
1494221340,299.5000,299.6000,299.2500,299.3500,100000
1494221641,299.4000,299.7000,299.3500,299.4500,117200
1494221941,299.4500,299.5000,299.3000,299.3500,74500
1494222247,299.6000,299.6500,299.3000,299.3500,138400
1494222599,299.5000,299.6500,299.3500,299.6500,69500
1494222840,299.8500,299.8500,299.4000,299.5500,118600
1494223141,299.3500,299.9000,299.3500,299.6500,139800
1494223440,298.7500,299.4500,298.7500,299.4000,147000
1494223741,299.2000,299.3500,298.6000,298.8000,126400
1494224041,298.8500,299.4000,298.8000,299.1000,64900
1494224342,299.0000,299.4000,298.8000,298.8000,74800
1494224640,299.1500,299.3000,298.9000,299.0500,54200
1494224941,298.8000,299.4000,298.8000,299.0500,49100
1494225244,298.8500,299.0000,298.6000,298.9000,98500
1494225542,298.8000,299.2500,298.7000,298.8000,69200
1494225840,298.6000,299.0000,298.2000,298.9000,196600
1494226140,298.7000,299.0000,298.5000,298.7000,111000
1494226440,298.9500,299.0000,298.5000,298.7500,83200
1494226740,298.8000,299.1000,298.7000,299.0000,47000
1494227046,298.7000,299.0000,298.7000,298.9000,39000
1494227342,298.1500,299.0000,297.8500,298.8000,162500
1494227645,298.0500,298.4000,298.0000,298.2000,151200
1494227942,298.3000,298.5000,298.0000,298.1000,62200
1494228240,298.4000,298.8500,298.0000,298.3000,89700
1494228562,298.2000,298.5500,298.0000,298.4500,56700
1494228844,298.1000,298.2500,297.9000,298.2000,71600
1494229199,298.4000,298.6000,298.1000,298.2000,27800
1494229442,298.0000,298.4000,297.8500,298.3000,60300
1494229742,298.4000,298.6500,297.9500,297.9500,67700
1494230040,298.7000,298.8500,298.3000,298.5500,104800
1494230343,299.3000,299.7000,298.6000,298.6000,253500
1494230641,299.7000,299.8000,298.8000,299.2000,138900
1494230941,299.7500,299.9500,299.3500,299.6500,142500
1494231241,299.9000,300.0000,299.6000,299.9000,290000
1494231540,300.0500,300.5000,299.8000,299.8500,329100
1494231841,299.8000,300.4000,299.8000,300.2000,104300
1494232140,300.0000,300.0500,299.6500,299.9500,85500
1494232440,299.8000,300.2000,299.6500,299.9000,90300
1494232743,299.8500,300.0000,299.7000,299.9000,61700
1494233040,298.9500,299.9500,298.7000,299.9000,146500
1494233398,299.1500,299.6500,298.9000,299.0000,71900
1494233644,299.2000,299.8500,299.1500,299.3000,105900
1494233941,299.2000,299.3500,298.7500,299.2500,118100
1494234240,299.4500,299.4500,299.1000,299.2500,88400
1494234542,299.5000,299.8000,299.2500,299.3500,64100
1494234841,299.6500,300.0000,299.4500,299.6500,207900
1494235198,299.9000,300.0000,299.5500,299.5500,153300
1494235442,299.3000,299.9000,299.1000,299.8000,174800
1494235741,299.1500,299.6000,299.0000,299.2000,107000
1494236099,298.8000,299.4000,298.8000,299.2000,213800
1494236340,299.1500,299.3000,298.8000,299.0000,192400
1494236697,299.5500,299.6500,299.0500,299.2000,243600
1494236940,299.6000,299.9500,299.4000,299.6000,449900
1494237242,299.4500,299.8000,299.2500,299.4000,249400
1494237541,299.2000,299.6000,299.0000,299.4000,239100
1494301741,298.7500,300.9000,298.6500,300.9000,0
1494302040,299.2500,299.4500,298.6000,298.6500,348100
1494302340,298.8500,299.4500,298.6500,299.3000,137600
1494302640,297.9000,298.7500,297.6500,298.7500,263300
1494302940,297.3500,297.9000,296.1500,297.7500,326600
1494303241,296.9500,297.6000,296.8000,297.2000,193200
1494303540,296.8000,296.9500,296.5000,296.8500,134900
1494303842,296.7500,297.2000,296.5000,296.7500,194700
1494304142,296.6000,296.8500,296.3000,296.7000,150100
1494304440,296.6000,297.2000,296.5000,296.5500,97700
1494304747,296.7000,296.9500,296.5000,296.6500,52400
1494305043,296.4000,296.9500,296.3500,296.6500,107400
1494305349,296.4000,296.8500,296.3500,296.5000,79900
1494305641,295.8500,296.7000,295.5500,296.4500,229800
1494305940,296.0500,296.2500,295.8000,295.9000,71600
1494306240,295.7500,296.1000,295.7500,296.0000,69900
1494306540,295.6000,295.9000,295.2500,295.7000,223600
1494306840,296.1000,296.3000,295.6000,295.7000,77300
1494307198,296.2000,296.4000,296.0500,296.2000,45300
1494307441,296.3500,296.5000,295.9500,296.1500,67400
1494307740,296.9500,296.9500,296.2000,296.3000,71500
1494308042,296.7000,297.0000,296.6500,296.9000,60000
1494308341,296.8000,296.9500,296.5500,296.7500,67400
1494308640,296.9500,297.0000,296.6000,296.8500,90100
1494308998,296.9000,297.0500,296.5500,297.0000,86600
1494309293,296.9000,297.0000,296.8000,297.0000,26100
1494309540,297.0000,297.0000,296.8000,296.8500,62400
1494309840,297.3500,297.5000,296.8000,297.1000,163500
1494310142,297.2000,297.7000,297.1000,297.2500,205400
1494310440,296.9500,297.4500,296.8500,297.3000,96200
1494310740,296.4000,297.0000,296.4000,296.8500,66400
1494311097,296.7500,296.7500,296.3500,296.3500,22200
1494311348,297.1500,297.2500,296.6000,296.6000,49200
1494311640,297.1000,297.4500,297.0000,297.1000,78500
1494311944,297.2500,297.3500,296.8500,297.1500,34700
1494312254,297.0000,297.3000,297.0000,297.2000,41600
1494312542,296.8000,297.1000,296.6500,296.9500,29200
1494312894,296.9000,296.9500,296.7000,296.9000,13800
1494313141,296.6500,296.9500,296.5500,296.8500,24200
1494313454,296.8000,296.8500,296.6000,296.6500,18000
1494313755,296.9000,296.9500,296.6500,296.8500,35800
1494314041,297.7500,297.8500,296.8000,296.8500,182500
1494314341,297.4000,297.8000,297.2000,297.8000,61300
1494314646,297.7000,297.7500,297.0000,297.4000,82100
1494314998,297.7000,297.9000,297.5000,297.5000,64600
1494315242,297.4000,297.8000,297.3000,297.8000,34100
1494315599,297.6000,297.7000,297.3000,297.3000,53800
1494315844,298.1500,298.4000,297.6500,297.7000,205700
1494316140,297.7500,298.2500,297.7500,298.2500,64600
1494316440,297.8000,297.9500,297.6000,297.7000,38300
1494316741,297.5000,297.8000,297.2500,297.7500,64200
1494317096,297.7500,297.9500,297.3500,297.3500,29100
1494317341,297.9000,297.9000,297.6500,297.9000,42500
1494317641,297.8000,297.9000,297.6500,297.7500,24300
1494317941,297.6000,298.0000,297.6000,297.7500,49700
1494318241,296.6000,297.7000,296.2500,297.7000,195000
1494318540,296.8000,297.2500,296.6000,296.7000,84100
1494318840,296.9000,297.1500,296.7000,297.0000,67500
1494319141,296.7000,297.2000,296.7000,297.0000,57900
1494319443,296.7000,296.9000,296.4500,296.7500,70600
1494319740,296.9500,297.5000,296.6500,296.6500,73800
1494320040,297.8000,297.8000,296.9000,297.0000,71900
1494320343,297.2000,297.8000,297.1500,297.7500,39000
1494320641,297.2000,297.4000,296.8000,297.2500,63900
1494320944,297.3000,297.5000,296.8000,297.1500,84700
1494321241,297.1000,297.4500,296.8500,297.4000,53700
1494321543,296.9000,297.2000,296.7000,297.0500,64800
1494321842,296.9000,297.0000,296.6000,296.7000,83500
1494322140,296.9500,297.1000,296.9000,297.0000,49300
1494322440,297.0000,297.0000,296.6000,296.9000,116800
1494322796,296.8000,297.0500,296.7500,296.9500,106100
1494323099,296.7500,297.0000,296.3500,296.7500,149500
1494323341,296.4000,296.8500,296.0500,296.8000,375500
1494323640,296.3000,296.4500,296.0500,296.4500,154400
1494323940,296.2500,296.3000,296.0500,296.2500,163900
1494388141,298.1000,298.1000,296.4500,297.3500,0
1494388441,297.7500,298.1500,297.2000,298.0500,191600
1494388743,297.1500,297.8500,297.0000,297.7000,144400
1494389040,296.3000,296.9500,296.2000,296.8000,162100
1494389340,296.9000,297.2000,296.3000,296.4000,104200
1494389640,297.1500,297.3000,296.7500,296.8000,330100
1494389941,297.2500,297.7500,297.1000,297.1000,197500
1494390249,297.7500,297.8000,297.3000,297.3500,138700
1494390548,297.6000,297.8000,297.5000,297.7000,122900
1494390841,297.6500,297.9500,297.5000,297.6500,234300
1494391155,296.9000,297.7000,296.8500,297.7000,152000
1494391443,296.3500,297.0500,296.2500,297.0000,230300
1494391740,296.5000,296.9500,296.3500,296.4000,87000
1494392040,296.3000,296.5000,295.8000,296.4500,194200
1494392348,295.9000,296.6000,295.9000,296.3500,69200
1494392699,296.0000,296.5000,295.8500,295.8500,132500
1494392943,296.2000,296.3500,295.8500,295.9500,105500
1494393242,296.2000,296.2500,296.0000,296.2500,31700
1494393543,296.5500,296.6500,296.0000,296.1500,63800
1494393846,296.4000,296.6500,296.3000,296.6000,40700
1494394142,296.5000,296.5000,296.2000,296.3500,40700
1494394442,296.3500,296.6000,296.2500,296.4500,24700
1494394742,296.4000,296.5000,296.2000,296.3000,32000
1494395045,296.0500,296.5000,296.0500,296.3000,56500
1494395349,296.3000,296.3000,296.0000,296.0000,30500
1494395641,296.2000,296.3500,296.0000,296.2500,45400
1494395940,296.1500,296.3000,296.0500,296.1000,34700
1494396242,295.5000,296.2000,295.5000,296.1000,164500
1494396552,295.3000,295.5500,294.9500,295.5500,297200
1494396840,295.4500,295.5500,295.0000,295.2500,89500
1494397142,295.7500,295.8000,295.3500,295.5000,62600
1494397443,295.6500,295.8000,295.5000,295.7000,49100
1494397743,295.8000,295.9000,295.5000,295.5500,39600
1494398062,295.6000,295.8500,295.6000,295.8500,48600
1494398399,295.7500,296.0000,295.5500,295.5500,42400
1494398654,295.7000,296.1500,295.5500,295.8500,65400
1494398953,295.5500,295.7500,295.4500,295.6500,35500
1494399298,295.7500,295.7500,295.4000,295.5000,30000
1494399542,295.5000,295.8000,295.4000,295.7000,36700
1494399841,294.8500,295.5000,294.7000,295.4000,125500
1494400142,295.2000,295.3000,294.7000,294.8000,90500
1494400440,295.3000,295.4500,295.0000,295.1500,49100
1494400742,295.4000,295.5000,295.2000,295.2000,34400
1494401052,295.3000,295.5000,295.2000,295.3000,35700
1494401350,295.1000,295.3000,295.0500,295.2500,25000
1494401698,294.9500,295.1500,294.8000,295.1000,39300
1494401940,295.7500,295.8000,294.8000,294.8000,92100
1494402244,295.4500,295.8000,295.2000,295.7000,78000
1494402542,295.2000,295.5000,295.1500,295.5000,21900
1494402842,295.4500,295.4500,295.2000,295.2500,13300
1494403198,295.4500,295.5500,295.1000,295.4000,113700
1494403442,295.0000,295.5000,295.0000,295.4000,109200
1494403742,295.4500,295.5500,294.9000,295.0500,76900
1494404040,295.2500,295.7000,295.0500,295.4000,133200
1494404345,294.9500,295.4000,294.8000,295.2000,70100
1494404698,295.2500,295.3000,294.9000,295.0000,40900
1494404940,294.6000,295.3000,294.6000,295.3000,122800
1494405298,294.5000,295.0000,294.3000,294.5000,157200
1494405541,294.4500,294.6000,294.2000,294.4500,120600
1494405849,294.2000,294.6000,294.2000,294.4000,110500
1494406142,293.8000,294.3500,293.7000,294.2500,207400
1494406440,293.3500,293.9000,293.2000,293.7500,250000
1494406740,293.9000,294.1500,293.0000,293.2000,199600
1494407041,293.6500,294.0000,293.4500,294.0000,87300
1494407340,293.5000,293.8500,293.2500,293.6000,104900
1494407642,293.3000,293.8000,293.2500,293.4500,107000
1494407941,293.8500,293.9500,293.2500,293.2500,130500
1494408240,293.8500,294.2000,293.6000,293.9000,116900
1494408544,293.8000,293.9500,293.4000,293.9000,111100
1494408840,294.5000,294.6500,293.8000,293.9000,175000
1494409140,294.3000,294.6500,294.2000,294.4500,132600
1494409443,294.3000,294.4000,293.7000,294.2000,199000
1494409740,294.4000,294.4500,293.9000,294.2000,273100
1494410040,295.0000,295.1500,294.2500,294.4500,455600
1494410340,294.8000,295.0500,294.5500,295.0500,206100
1494410400,294.8500,294.8500,294.8500,294.8500,0
1494474540,295.8000,296.7000,295.4500,295.5000,0
1494474899,295.7000,295.9500,295.5000,295.9000,186100
1494475140,296.1000,296.4000,295.5000,295.7500,130400
1494475498,296.0500,296.2500,295.8000,295.9500,75200
1494475740,295.8500,296.0500,295.8000,296.0000,65300
1494476041,295.6500,295.9500,295.5000,295.8000,56200
1494476340,295.1500,295.7500,294.9000,295.6000,117900
1494476640,295.4000,295.5500,295.1000,295.2500,50600
1494476949,295.4500,295.8000,295.2500,295.4500,66300
1494477241,295.2500,295.5000,295.0500,295.3500,71400
1494477543,294.9500,295.5000,294.4500,295.2000,150500
1494477899,294.9000,295.4000,294.6000,294.8500,105800
1494478141,295.0000,295.1500,294.7000,294.8500,61200
1494478499,295.2000,295.4000,294.9000,294.9500,43600
1494478741,295.5500,295.6000,295.0500,295.1000,129100
1494479040,295.8500,296.0000,295.5500,295.6000,129300
1494479399,296.1000,296.2500,295.5000,295.8000,151400
1494479640,296.1000,296.3500,295.8500,296.1500,213000
1494479940,296.5500,296.9500,295.9500,296.0500,175400
1494480243,296.5000,296.7000,296.1000,296.6000,105300
1494480547,296.3000,296.5000,296.2500,296.4000,49500
1494480840,296.6500,296.7000,296.2000,296.4500,117100
1494481199,296.9000,296.9500,296.2000,296.6000,86000
1494481440,297.1000,297.4000,296.7000,296.9500,199700
1494481741,297.2000,297.3500,296.8000,297.1500,93200
1494482099,297.1000,297.4500,296.8500,297.2500,110400
1494482340,297.4000,297.5500,297.2000,297.2000,189000
1494482640,298.4500,298.4500,297.3000,297.5000,412300
1494482940,298.5000,298.8000,298.2500,298.4000,274000
1494483241,298.6000,298.7000,298.1000,298.4000,133200
1494483599,298.8000,299.0000,298.3000,298.6500,262900
1494483899,298.2500,298.8000,297.9000,298.7000,135900
1494484141,298.4000,298.8000,298.2000,298.3000,120100
1494484441,298.4000,298.7000,298.2500,298.5000,62300
1494484740,298.6500,298.8000,298.3000,298.5000,99000
1494485040,298.4500,298.7500,298.3500,298.7000,62800
1494485341,298.6500,298.7000,298.4000,298.5000,83600
1494485641,297.6000,298.7000,297.6000,298.5500,160100
1494485940,297.9500,298.0000,297.4000,297.8000,179100
1494486240,298.0000,298.3000,297.7500,297.9000,109000
1494486541,298.1000,298.2000,297.8500,298.1000,106000
1494486899,297.9500,298.2000,297.7000,298.2000,55500
1494487141,298.0000,298.1000,297.7000,297.9000,40600
1494487441,297.8500,298.3500,297.8000,297.9500,62200
1494487741,297.5000,298.0000,297.4500,297.8000,81900
1494488099,296.4500,297.7000,296.2000,297.3000,277000
1494488340,296.6500,297.2000,296.4000,296.5000,177500
1494488640,296.7000,297.0500,296.3500,296.5500,133700
1494488941,296.8500,296.8500,296.1000,296.5500,117200
1494489299,296.4500,297.0000,296.3000,296.9000,74300
1494489541,296.5000,296.8000,296.2500,296.5000,97800
1494489840,296.4500,296.7000,296.3500,296.4500,55500
1494490140,296.7000,296.8000,296.2000,296.5000,60400
1494490441,296.7000,296.7500,296.3000,296.7500,43100
1494490741,296.5000,296.7500,296.3000,296.6500,52100
1494491041,297.3500,297.3500,296.5500,296.5500,93400
1494491341,297.1000,297.4500,296.8000,297.3000,130500
1494491641,296.8500,297.1500,296.7000,297.0500,48500
1494491940,297.2000,297.2000,296.8000,296.9000,58100
1494492241,296.6500,297.2000,296.4000,297.1500,92700
1494492540,296.6000,297.0000,296.4500,296.5000,64800
1494492841,296.9000,297.0000,296.5000,296.6500,65300
1494493149,297.4000,297.4000,296.9000,296.9500,89100
1494493442,297.1500,297.4000,296.8500,297.3500,66100
1494493741,297.2000,297.6500,297.0500,297.2000,104100
1494494099,297.6000,297.6500,296.9500,297.1500,129500
1494494340,297.5500,297.8500,297.4500,297.5500,574500
1494494640,297.8000,297.8500,297.4000,297.6000,153200
1494494940,297.4000,297.8500,297.3000,297.7000,121300
1494495240,297.1500,297.7500,297.0000,297.4500,276900
1494495540,297.4500,297.4500,297.0000,297.2500,846100
1494495840,298.8500,299.2500,297.4500,297.5000,779800
1494496140,298.9000,299.3500,298.7500,298.9000,532000
1494496441,298.2500,299.0500,298.2000,299.0500,347300
1494496740,297.8000,298.9000,297.7000,298.1500,560700
1494496800,297.7000,297.7000,297.7000,297.7000,0
1494560941,301.2500,302.3000,300.3000,300.6000,0
1494561241,300.1000,301.5000,300.0500,301.3000,406000
1494561540,300.2500,300.5000,299.0000,300.0500,443100
1494561841,300.1500,300.8000,300.1000,300.3000,198300
1494562141,299.6000,300.1000,299.3000,300.1000,271100
1494562440,299.3000,299.9000,299.1000,299.5000,254800
1494562741,299.7000,299.8000,298.6000,299.2500,459900
1494563040,299.0000,299.7500,299.0000,299.7500,129500
1494563340,299.0000,299.4000,298.5500,298.9000,235100
1494563641,299.4500,299.5000,298.8000,299.1500,191800
1494563944,299.3000,299.4500,298.9000,299.4000,127100
1494564244,299.3500,299.6500,299.1000,299.4000,129700
1494564545,299.4500,299.6000,299.3000,299.4000,72800
1494564843,300.1500,300.2000,299.4000,299.5000,173400
1494565199,300.3000,300.6000,300.0000,300.2500,223800
1494565442,300.0000,300.4000,299.7000,300.4000,111600
1494565742,299.7000,300.0000,299.6000,299.9000,79700
1494566040,299.6500,299.8500,299.5000,299.6500,58100
1494566341,299.7000,299.9000,299.5000,299.7000,41300
1494566641,299.8500,300.0000,299.6500,299.6500,61200
1494566941,299.5500,299.9500,299.5000,299.9500,46400
1494567245,299.6500,299.7500,299.5500,299.6000,25200
1494567544,299.8500,299.9000,299.5000,299.5500,58500
1494567844,300.5000,300.5000,299.8000,299.8000,137600
1494568143,300.2500,300.6000,300.1500,300.4500,103200
1494568446,300.2000,300.4000,299.8500,300.4000,80700
1494568740,299.7000,300.2500,299.6500,300.1000,63500
1494569040,300.0000,300.0000,299.5500,299.7500,74900
1494569344,299.9000,300.2500,299.7500,300.0500,87700
1494569642,300.1500,300.1500,299.7000,299.8500,99300
1494569946,299.8500,300.2000,299.7500,300.1000,90000
1494570243,299.7500,300.0000,299.6500,300.0000,62600
1494570599,300.0000,300.0000,299.6500,299.6500,38500
1494570843,299.9000,300.0000,299.7000,299.9000,48900
1494571196,299.9000,300.0000,299.8000,299.9500,46400
1494571443,299.7000,300.2500,299.6500,299.9500,149400
1494571744,300.1000,300.1000,299.7000,299.7500,73900
1494572041,300.4000,300.4000,299.9500,300.0000,160400
1494572340,300.2000,300.5000,300.2000,300.3500,134800
1494572640,299.7500,300.2000,299.7500,300.0500,67500
1494572997,299.8500,300.0000,299.5500,299.8000,161100
1494573241,299.7500,300.0000,299.6000,299.9000,43500
1494573599,299.6500,299.9000,299.5500,299.8000,95200
1494573841,299.3000,299.7500,298.7000,299.5500,436100
1494574149,299.2500,299.6000,299.1500,299.2000,99100
1494574449,299.4500,299.7000,299.3000,299.3000,106000
1494574745,299.5000,299.7000,299.3500,299.5000,108600
1494575041,299.2500,299.5000,299.1000,299.4500,91100
1494575396,299.3500,299.6000,299.2000,299.2000,78400
1494575642,299.2500,299.4500,299.2000,299.4000,36800
1494575940,299.3000,299.5000,299.0500,299.3000,137000
1494576244,299.4500,299.5500,299.1000,299.2500,90100
1494576540,299.4000,299.5500,299.3000,299.5000,42000
1494576896,299.2000,299.5000,299.1500,299.3500,70200
1494577140,299.4000,299.5000,299.2000,299.3000,45000
1494577442,299.4500,299.6500,299.4000,299.4500,61800
1494577740,298.1000,299.6000,298.1000,299.6000,532400
1494578040,298.3000,298.7000,298.0500,298.1500,245400
1494578340,297.6000,298.5500,297.2500,298.3500,411500
1494578641,297.6000,297.9500,297.4000,297.7500,166900
1494578942,298.2500,298.2500,297.3000,297.5500,188900
1494579240,298.3000,298.8000,298.1500,298.1500,110800
1494579544,298.2000,298.4000,298.0500,298.2000,56100
1494579840,297.5000,298.2000,297.4500,298.1500,94700
1494580142,297.1000,297.6000,296.5500,297.6000,352000
1494580443,296.5000,297.2500,296.5000,297.2500,180100
1494580742,296.9000,296.9500,296.0000,296.4500,311900
1494581040,297.2500,297.6500,296.7000,296.9500,234900
1494581341,297.2000,297.5000,296.7500,297.2000,94200
1494581640,297.2000,297.6500,297.0000,297.3000,229500
1494581941,297.6500,297.8000,297.1500,297.1500,185600
1494582241,297.6000,297.8000,297.5000,297.7500,211600
1494582541,298.3500,298.6000,297.5500,297.6500,648000
1494582840,298.2000,298.4500,298.0000,298.2000,378400
1494583199,298.0000,298.2500,297.2500,298.1500,380000
1494583200,297.8500,297.8500,297.8500,297.8500,0
1494820140,298.8000,298.9500,297.7000,298.2000,0
1494820443,298.3500,299.0000,298.2500,298.7500,171400
1494820745,298.6000,298.6500,297.7000,298.2500,193600
1494821040,298.8500,299.7000,298.0500,298.6500,260100
1494821342,299.0500,299.2500,298.7500,298.8000,113800
1494821697,298.3000,299.1000,298.2000,299.1000,81300
1494821940,298.3500,298.8500,298.2500,298.2500,67200
1494822244,298.4000,298.6000,298.0000,298.3000,97300
1494822540,298.4000,298.6000,298.0500,298.5000,64600
1494822849,298.4000,298.4500,298.1500,298.3000,50700
1494823141,298.3500,298.8500,298.2500,298.4500,145900
1494823442,298.9000,299.2000,298.4000,298.4500,193200
1494823740,299.4000,299.4000,298.8000,298.8500,126200
1494824044,299.3000,299.4500,299.0500,299.3500,93000
1494824340,299.9500,300.3000,299.1500,299.2000,371900
1494824640,299.7500,300.1000,299.6000,300.0000,73000
1494824944,299.9500,300.0000,299.5500,299.5500,96400
1494825240,300.0000,300.0500,299.7500,300.0000,113200
1494825543,299.9500,300.0000,299.6000,299.9500,85700
1494825899,299.8000,299.9500,299.8000,299.9000,53800
1494826140,299.9000,299.9500,299.7000,299.8500,81100
1494826440,299.8500,299.9500,299.7500,299.8500,47600
1494826741,299.4500,299.8500,299.3500,299.7500,107000
1494827053,299.4500,299.5000,299.3000,299.4000,45200
1494827341,299.7500,299.7500,299.4000,299.5000,68600
1494827640,299.7500,299.9000,299.3500,299.7000,79200
1494827940,300.4000,300.4500,299.5500,299.7000,281400
1494828240,301.0000,301.0000,300.4500,300.4500,491300
1494828541,301.2000,301.4000,300.8000,300.9500,240800
1494828840,301.0000,301.2000,300.6500,301.1500,190100
1494829140,300.4000,301.0000,300.1500,300.9000,95400
1494829442,301.4000,301.4000,300.4000,300.5000,208900
1494829741,300.9500,301.4000,300.8000,301.3500,93500
1494830099,301.5000,301.5000,300.9500,300.9500,212800
1494830341,301.3500,301.5000,300.8500,301.4000,224300
1494830699,301.7000,301.7500,301.2500,301.4000,141500
1494830943,301.4500,301.7000,301.3500,301.5500,100300
1494831249,301.5500,301.7000,301.4500,301.5000,80300
1494831546,301.5000,301.6000,301.5000,301.6000,59000
1494831840,301.6500,301.8500,301.2500,301.5000,196700
1494832143,301.1000,301.6500,301.0000,301.4500,117200
1494832440,301.3500,301.4000,301.0000,301.0500,70100
1494832747,300.9500,301.3000,300.8000,301.1000,75200
1494833040,300.2000,301.0000,300.2000,301.0000,148200
1494833340,300.6500,300.8500,300.2000,300.2500,125000
1494833699,300.8500,301.0000,300.5000,300.6000,71300
1494833940,300.7000,300.9000,300.5000,300.7000,46600
1494834244,300.7000,300.8000,300.6000,300.6500,44600
1494834540,300.3000,300.8500,300.2500,300.7500,107300
1494834840,300.5000,300.6500,299.9000,300.2000,231300
1494835140,300.6000,300.6000,300.1500,300.4000,79500
1494835444,300.7500,300.8000,300.2500,300.5500,91000
1494835742,300.5500,300.8000,300.1500,300.5500,49700
1494836040,300.4500,300.5500,300.2500,300.5000,52100
1494836340,300.7500,300.8000,300.4000,300.4000,59900
1494836640,300.8500,300.9000,300.7000,300.8000,59500
1494836940,300.5000,300.8500,300.1500,300.8000,116000
1494837241,300.6500,300.7500,300.2500,300.4500,79300
1494837543,300.8000,300.8000,300.5000,300.7000,52300
1494837840,300.6500,300.8000,300.5500,300.7500,50200
1494838142,300.7000,300.8000,300.6000,300.6000,45100
1494838440,300.3500,300.7000,299.8500,300.6500,166800
1494838740,300.1500,300.6000,299.8000,300.3000,167500
1494839040,300.0000,300.4500,299.8000,300.2000,128500
1494839340,300.2000,300.3000,299.8000,300.1000,184300
1494839640,300.0500,300.2500,299.9500,300.1500,109200
1494839944,300.1000,300.2000,299.9500,300.1500,118700
1494840242,300.7000,300.7000,299.9500,300.0500,178700
1494840540,300.6000,300.8000,300.5500,300.5500,69600
1494840840,301.0000,301.0000,300.6000,300.6500,146600
1494841140,301.6000,301.7000,300.9500,300.9500,230600
1494841442,301.4000,301.7000,301.3000,301.6500,255700
1494841740,301.5500,302.0000,301.4500,301.4500,384200
1494842041,301.2500,301.7000,301.2000,301.6000,249500
1494842399,301.4000,301.4000,300.7000,301.1500,332200
1494842400,300.8500,300.8500,300.8500,300.8500,8500
