1490759342,644.7500,647.0500,644.3000,646.0000,40800
1490759640,643.1000,644.9000,643.0000,644.4500,32100
1490759943,643.6500,644.0000,643.0000,643.1500,13200
1490760243,643.6000,644.4500,643.5500,643.7000,9400
1490760541,644.9000,644.9500,643.6500,643.6500,14300
1490760849,645.0000,645.0000,644.6500,644.9500,9200
1490761146,644.5500,645.0000,644.5000,644.8000,4900
1490761496,644.1500,644.8000,644.1500,644.6000,7900
1490761799,644.4500,644.5000,643.9500,644.2000,26800
1490762041,644.2500,645.1500,644.1000,644.5000,7900
1490762341,644.6000,644.7000,644.1000,644.2000,4500
1490762642,644.8500,645.0000,644.4000,644.5500,6600
1490762940,644.4500,646.4000,643.8000,645.0000,66900
1490763242,643.8000,644.6000,642.5000,644.3000,49200
1490763592,644.3000,644.9500,643.5500,643.9500,24800
1490763841,645.2500,645.4000,644.2500,644.2500,12300
1490764195,645.6000,646.3500,644.7000,645.3000,29600
1490764488,645.6500,645.9500,645.3000,645.7000,7900
1490764789,647.2000,648.4500,645.5500,645.5500,59100
1490765040,648.3000,648.5000,647.1000,647.3000,28900
1490765340,650.1000,650.2500,648.2500,648.4000,50400
1490765650,648.7000,650.5000,648.5500,650.0500,29900
1490765941,649.0000,649.4000,648.5500,648.9000,17900
1490766295,648.8500,649.0000,648.5000,648.9500,4800
1490766540,648.8000,649.0500,648.6000,649.0000,4100
1490766893,648.2500,648.8000,648.2500,648.7500,8300
1490767150,648.1000,648.7000,647.9500,648.4000,9300
1490767441,647.0000,648.1500,646.7500,648.0500,13800
1490767740,646.6500,647.0500,646.1500,647.0500,7500
1490768051,646.7000,646.9000,646.5500,646.6000,5400
1490768341,646.2500,646.8000,646.2500,646.6500,9500
1490768693,645.8500,646.4000,645.7500,646.3000,5000
1490768950,645.2500,646.0000,645.1000,645.9500,8200
1490769250,645.6500,645.7000,645.2500,645.3000,5700
1490769540,645.3500,645.6000,645.3500,645.6000,5400
1490769841,645.1500,645.4000,644.9000,645.4000,9700
1490770143,644.9000,645.2000,644.8500,645.2000,8300
1490770440,644.6500,645.0000,644.5000,644.9500,13700
1490770740,643.6000,644.7500,643.5000,644.6000,23600
1490771041,644.2500,644.2500,643.6000,643.6500,9300
1490771341,644.3000,644.5000,644.1000,644.3000,5300
1490771640,644.7000,644.9500,644.1000,644.3500,13800
1490771940,644.2500,644.4000,644.0000,644.2500,8800
1490772240,643.6000,644.3000,643.5000,644.1000,4600
1490772593,643.7500,644.4500,643.5500,643.5500,10800
1490772896,643.6500,644.3500,643.6500,643.9500,7400
1490773141,644.0000,644.1500,643.6000,643.7000,7500
1490773447,643.5000,644.0000,643.3000,643.9500,6600
1490773741,643.6500,643.8000,643.5000,643.5000,5600
1490774040,644.0000,644.3000,643.5000,643.6000,8500
1490774341,644.3500,644.7000,643.9500,643.9500,9000
1490774644,644.4000,644.5500,644.3500,644.4000,6300
1490774941,644.1000,644.3500,644.1000,644.3500,5900
1490775241,644.1500,644.3000,644.1000,644.1500,6600
1490775546,643.8500,644.3500,643.8500,644.2000,9700
1490775841,644.0500,644.1500,643.5500,643.9500,10400
1490776140,644.6500,644.6500,643.9500,644.0000,7100
1490776440,644.2000,644.9000,644.1500,644.2000,9500
1490776799,644.2500,644.5000,644.0000,644.1500,6900
1490777040,644.7500,644.8000,644.2000,644.4500,12400
1490777341,644.5500,645.0000,644.0000,644.4000,13100
1490777640,645.4000,645.6000,644.6000,645.0000,17100
1490777999,644.5500,645.5000,644.5000,645.5000,15600
1490778244,644.1000,645.0000,644.1000,644.7000,17300
1490778540,643.9000,644.2500,643.7000,644.2500,34400
1490778840,643.6000,644.2500,643.4500,643.9500,36000
1490779140,643.7500,643.8000,643.4500,643.6500,18400
1490779444,642.5000,643.7500,642.0500,643.7000,44500
1490779742,641.5000,642.6000,641.0500,642.4500,25700
1490780040,642.5000,642.6000,641.4000,641.4000,44400
1490780344,642.8500,642.8500,642.0000,642.4500,48300
1490780642,643.0000,643.0000,642.2000,642.8000,57200
1490780940,643.8500,643.9000,642.8500,642.8500,52600
1490781243,643.5500,644.5000,643.3500,643.9000,63200
1490781542,641.5000,643.8500,641.5000,643.6000,27400
1490781600,643.1000,643.1000,643.1000,643.1000,0
1490845740,644.5000,645.1500,643.2000,644.2000,44300
1490846041,644.9500,646.2000,644.1000,644.5500,25400
1490846341,643.3500,644.9000,643.2000,644.7500,18500
1490846699,644.2000,644.7500,643.3000,643.5000,14900
1490846944,644.6000,644.8000,644.2000,644.5000,9100
1490847241,643.6500,644.7000,643.5000,644.7000,13200
1490847545,644.2000,644.3000,643.5500,643.5500,8100
1490847855,643.6500,644.2500,643.5000,644.2500,11300
1490848147,643.9500,644.0000,643.5500,643.7000,7700
1490848449,643.8000,644.0000,643.8000,643.9000,6000
1490848747,643.8000,643.9500,643.7500,643.8500,3200
1490849054,643.7500,643.9500,643.7500,643.9500,9100
1490849340,644.1000,644.4500,643.7500,643.8000,16900
1490849643,644.6000,644.6000,644.0500,644.1500,8700
1490849940,644.7500,644.8000,644.4000,644.4000,6100
1490850251,644.4000,644.8500,644.2500,644.8000,10400
1490850546,643.9500,644.4000,643.8500,644.3500,19100
1490850840,644.9000,645.1000,643.9000,643.9000,22200
1490851141,645.0000,645.7000,644.9500,645.0500,16100
1490851454,645.1000,645.2500,645.0000,645.2500,6200
1490851754,645.3500,645.4500,645.0000,645.0500,6500
1490852054,645.2000,645.9500,645.1500,645.3000,32100
1490852342,645.5000,645.9000,645.1000,645.3500,8400
1490852655,645.0000,645.6500,645.0000,645.6500,6400
1490852942,644.5000,645.0500,644.0500,644.9500,19100
1490853251,644.7000,645.6000,644.5000,644.5500,10400
1490853555,645.0500,645.1500,644.8000,645.1000,5700
1490853889,645.0500,645.1500,644.9500,645.1500,2400
1490854155,644.8000,645.4500,644.8000,645.0000,6900
1490854446,643.9000,644.8500,643.9000,644.8500,5600
1490854749,644.6000,644.7000,643.8500,643.8500,13700
1490855056,644.2500,644.7500,644.2500,644.5500,8200
1490855349,644.7000,644.8000,644.1500,644.3500,8200
1490855695,644.6500,644.7500,644.5000,644.6500,6600
1490855940,644.4000,644.6500,644.2500,644.6000,10500
1490856247,644.2500,644.8000,644.1000,644.4500,10100
1490856541,644.0500,644.9500,644.0000,644.3000,13400
1490856841,643.7000,644.5000,643.6500,644.2000,7000
1490857140,643.7500,644.0000,643.7000,643.7500,5300
1490857449,644.1000,644.4500,643.8500,643.9000,11800
1490857795,643.9500,644.0000,643.8000,644.0000,3400
1490858097,643.6500,644.0000,642.3500,644.0000,32000
1490858352,643.2000,644.0000,643.1500,643.9500,9900
1490858650,643.0500,643.4000,643.0000,643.3000,5500
1490858957,643.6000,644.0000,643.1000,643.1000,6200
1490859241,643.1000,644.0000,643.1000,643.6500,8300
1490859557,643.5000,643.5000,643.1000,643.3000,3600
1490859841,643.1500,643.6000,643.1500,643.4500,2500
1490860141,643.6000,643.6500,642.4000,642.9500,10400
1490860457,643.5000,643.7000,643.2500,643.4500,3200
1490860743,641.8000,643.5500,641.6000,643.5500,12900
1490861040,641.2000,642.3500,640.8000,641.7000,18400
1490861355,640.6000,641.3000,640.3000,641.1000,16800
1490861653,639.5000,642.0000,639.5000,640.5500,30900
1490861946,639.8500,640.3000,639.2500,639.4000,22000
1490862242,639.8000,640.0000,639.8000,639.8000,4800
1490862598,639.6000,639.8000,639.4000,639.7000,7700
1490862864,639.9000,640.0000,639.5000,639.5500,14300
1490863145,640.0000,640.0000,639.6000,639.8500,9600
1490863444,639.5000,640.0000,639.5000,639.8500,11300
1490863740,640.0000,640.0000,639.5000,639.5500,11600
1490864044,640.0000,640.0000,639.6000,639.9000,9100
1490864343,640.1500,640.4500,639.7500,639.8000,27300
1490864645,639.4500,640.1500,639.4000,640.1000,15200
1490864941,641.0000,641.1500,639.3000,639.4000,35200
1490865299,641.0000,641.1500,640.9000,641.0500,25900
1490865599,641.0500,641.0500,641.0000,641.0500,59400
1490865842,641.0000,641.2000,641.0000,641.0000,22200
1490866141,641.0500,641.1000,641.0000,641.0500,17500
1490866443,641.0500,641.1000,640.6500,641.1000,365300
1490866742,640.4500,641.0500,639.0500,641.0000,308500
1490867040,638.6500,641.2500,638.6500,640.7500,413300
1490867340,641.1000,641.3000,638.5500,638.9500,461800
1490867640,642.4500,643.3500,641.4000,641.4000,359300
1490867941,641.2000,642.9000,640.9000,642.0000,246500
1490932143,644.3500,644.9000,642.9000,643.3000,0
1490932440,647.3500,647.4500,644.0000,644.4000,31800
1490932741,645.0000,647.2500,645.0000,647.0000,13300
1490933050,646.8000,647.0000,645.3000,645.3000,15400
1490933340,650.0000,650.9500,646.7500,646.7500,79700
1490933698,650.8000,652.0000,650.0000,650.1000,46100
1490933944,651.1000,652.9000,650.6500,650.6500,38300
1490934241,654.0000,654.6500,650.5000,651.3000,44100
1490934542,653.0000,654.9000,652.6500,654.0500,60300
1490934842,653.3500,654.3000,652.9500,652.9500,22000
1490935143,656.7000,657.8000,653.0000,653.4000,95500
1490935442,657.4000,657.9000,656.5000,656.8000,49000
1490935741,656.6500,657.8000,655.8000,657.5000,31300
1490936041,656.9000,657.0000,656.5000,656.7000,19600
1490936349,657.0000,657.8000,656.5500,656.5500,24200
1490936642,656.8000,657.3000,655.9000,656.9500,26900
1490936943,656.2500,657.1500,656.0000,656.8500,16300
1490937299,655.2000,656.7000,655.0500,656.4000,24500
1490937540,654.6500,655.8000,654.4500,655.3500,21600
1490937840,653.9500,654.9000,653.4500,654.5000,52600
1490938143,654.5000,654.7500,653.8000,654.2000,18000
1490938441,654.2000,654.7500,654.0000,654.6000,9800
1490938743,654.3500,654.7500,654.0000,654.2500,12300
1490939099,654.2500,655.0000,654.0500,654.1500,13300
1490939344,654.9500,654.9500,654.2000,654.2000,7400
1490939643,654.2500,655.0000,654.2500,654.6500,9000
1490939943,653.8500,654.4500,653.5000,654.4000,23000
1490940240,653.4000,654.0000,652.2000,653.9000,29100
1490940540,652.7500,653.4000,652.6500,653.4000,9900
1490940843,652.5000,653.2500,652.5000,652.6500,7700
1490941143,651.4500,652.9000,651.1000,652.6000,29200
1490941443,652.2000,652.5000,651.4000,651.4000,9200
1490941743,651.9000,652.5000,651.7000,652.5000,8300
1490942040,651.5000,652.0000,651.2000,652.0000,13100
1490942341,652.7000,652.8000,651.1500,651.2000,13700
1490942641,651.6500,652.7000,651.4500,652.6000,14800
1490942942,652.5500,652.7500,651.5000,651.6500,11000
1490943243,652.7500,652.8000,652.5000,652.6000,8500
1490943543,652.5500,652.8000,652.5000,652.8000,6800
1490943843,653.5500,653.5500,652.5000,652.8000,9100
1490944140,653.1000,653.9500,653.0000,653.6500,10900
1490944440,652.5000,653.4000,651.7000,653.0000,11200
1490944742,653.3500,653.6000,652.4500,652.7000,5700
1490945043,653.4000,653.7500,652.9500,653.0000,6200
1490945340,653.4000,653.9000,653.3000,653.6000,9800
1490945642,653.7500,654.7500,653.4000,653.7500,12100
1490945942,654.1000,654.3500,653.5500,654.1000,7200
1490946241,654.3000,654.5000,654.0000,654.3000,7300
1490946540,654.5500,655.2000,654.3500,654.5000,16800
1490946842,654.2000,655.0000,654.1000,654.7500,10600
1490947140,655.4500,655.4500,654.1000,654.4500,12300
1490947441,654.4500,655.7000,654.0500,655.5000,14500
1490947740,653.9000,654.8500,653.1000,654.3000,10800
1490948040,653.2000,654.0000,653.2000,653.9500,10200
1490948340,653.4000,653.7500,653.1000,653.3500,11300
1490948641,654.5000,654.5000,653.0000,653.5000,9300
1490948941,654.8000,655.0000,654.1000,654.2000,16000
1490949240,654.8000,655.3000,653.9000,654.9500,20500
1490949540,654.8000,655.4000,654.0000,655.4000,19600
1490949899,654.6000,655.0000,654.1000,654.5500,14300
1490950141,655.2500,655.4000,654.5000,655.0000,27100
1490950440,656.0000,656.4000,655.0500,655.5000,33000
1490950741,655.8500,656.3500,655.0000,656.1000,29100
1490951040,656.0000,656.5000,655.2000,655.9000,34700
1490951341,656.2000,656.2000,655.4000,655.7500,24900
1490951640,654.5500,656.4500,654.5000,656.4500,26500
1490951941,654.9000,655.3000,654.5500,655.1000,35500
1490952240,654.9500,655.3000,654.5000,655.3000,22000
1490952540,653.9500,655.2500,653.5000,655.2500,30200
1490952847,651.9000,654.0000,651.8000,654.0000,83500
1490953142,651.2500,652.3000,651.2500,652.0000,90700
1490953440,649.9500,651.4000,649.3000,651.4000,145500
1490953740,648.4500,650.0500,648.3000,650.0500,97900
1490954040,647.9500,648.5500,647.4500,648.4000,155900
1490954341,649.1500,652.5000,647.7000,648.0000,69500
1490954400,649.4500,649.4500,649.4500,649.4500,0
1491195598,642.8000,643.1000,642.8000,643.1000,0
1491195852,643.4500,643.5000,642.6500,642.6500,4600
1491196160,642.6000,643.4000,642.5000,643.0000,6100
1491196440,641.1500,642.6500,641.0500,642.6500,22200
1491196746,641.8500,641.9500,641.1000,641.2000,9000
1491197044,641.1000,641.8000,641.1000,641.8000,6300
1491197342,641.0000,641.9000,641.0000,641.4000,5300
1491197659,641.0000,641.7500,641.0000,641.0500,7300
1491197940,639.2000,641.1000,639.2000,641.1000,20900
1491198299,640.9000,641.5000,639.1500,639.3000,8300
1491198545,642.3500,642.6000,640.5000,640.8500,13100
1491198840,642.3000,643.4000,642.0000,642.5000,10600
1491199143,641.1000,642.3000,641.0500,642.0500,5500
1491199482,641.1500,641.7500,641.0000,641.4000,4900
1491199744,641.6000,642.1500,641.1500,641.2000,5600
1491200061,640.9500,641.9000,640.9500,641.4000,4800
1491200340,640.7500,641.3000,640.5000,640.9000,5500
1491200643,641.0000,641.8500,640.5000,640.6500,5700
1491200946,641.0000,641.3500,640.5000,640.9500,5600
1491201253,641.1500,641.6500,641.0000,641.1500,2800
1491201542,641.3000,641.6000,641.0000,641.5500,2600
1491201851,640.0500,641.2500,640.0500,641.2500,10600
1491202160,640.0500,640.2000,640.0000,640.0000,11400
1491202440,640.2000,640.7000,640.0500,640.4000,3900
1491202787,640.2000,640.6000,640.0500,640.2500,3100
1491203053,640.0500,640.5000,640.0500,640.3500,2100
1491203344,640.1500,640.4500,640.0000,640.0000,3300
1491203661,639.7500,640.3500,639.6000,640.2000,13300
1491203945,639.7000,640.0000,639.6000,639.6000,4000
1491204245,640.2000,640.4500,639.7000,639.7000,6000
1491204546,640.0000,640.4500,639.9000,640.4500,2400
1491204845,640.5000,640.7000,640.0000,640.3500,3700
1491205142,640.3000,640.8500,640.0000,640.6500,2800
1491205443,640.4000,640.6500,640.0000,640.2000,2400
1491205767,640.1000,640.5000,640.0000,640.5000,4000
1491206041,640.0500,640.4500,640.0500,640.0500,5100
1491206340,639.7000,640.4000,639.7000,640.1000,8100
1491206640,639.6000,640.4500,639.4000,639.6500,11800
1491206941,640.0500,640.2000,639.5000,639.6500,7400
1491207243,640.2500,640.7500,640.1000,640.1000,8300
1491207540,639.8500,640.8000,639.6000,640.2000,11500
1491207840,639.6500,639.9500,639.5000,639.7000,3200
1491208140,639.6500,640.4500,639.6500,639.7000,8500
1491208447,640.2000,640.5000,639.2500,639.6000,7400
1491208744,640.7000,640.7000,640.0500,640.2000,6000
1491209060,640.5500,640.8000,640.5000,640.7500,3100
1491209340,639.0000,640.6500,637.0500,640.6000,155400
1491209644,638.4000,638.9500,637.2000,638.9500,14200
1491209943,637.6500,638.8500,637.6500,638.5500,10900
1491210244,638.0000,638.4000,637.2000,637.8000,13200
1491210598,637.0500,638.1000,637.0000,637.9000,8200
1491210844,637.2000,637.7500,637.0500,637.4500,12900
1491211141,636.6500,637.9500,636.6000,637.3500,17500
1491211443,637.7500,637.9500,636.6000,637.0000,15200
1491211740,638.0000,638.1000,637.3000,637.8500,17100
1491212043,637.6500,639.1000,637.6000,637.7500,18700
1491212343,637.8000,638.5000,637.5000,637.8000,25800
1491212640,637.8000,638.3500,636.7500,637.9500,59200
1491212940,638.8000,639.2500,637.3500,637.7500,36900
1491213242,639.2000,639.8500,638.3500,638.6500,56900
1491213541,639.1000,639.7500,638.7000,639.1500,35400
1491364147,637.4500,643.2000,635.7500,643.2000,0
1491364440,639.5000,639.5500,637.4500,637.5000,48400
1491364799,638.5500,639.5000,638.1000,639.4500,42100
1491365099,636.9000,638.4500,636.8000,638.4500,29600
1491365340,635.9000,636.9000,635.1000,636.8000,63800
1491365640,635.4500,636.7500,635.0500,635.8500,27500
1491365996,635.7500,635.8000,635.0500,635.0500,14700
1491366243,635.4500,635.7500,635.2500,635.6000,14600
1491366540,635.7500,636.0000,635.4000,635.4000,13200
1491366842,635.6500,635.7500,634.3000,635.7000,43500
1491367140,635.0000,635.7500,634.7000,635.6000,14600
1491367440,634.0000,635.0000,633.5500,634.9500,67100
1491367740,633.9000,634.0500,633.7000,633.8000,26300
1491368045,633.8500,634.0000,633.6000,633.8500,12600
1491368346,634.0500,634.2000,633.7500,633.8000,21500
1491368642,633.7500,634.1000,633.1500,634.1000,155700
1491368940,633.5000,634.1000,633.4000,633.8500,12400
1491369240,634.8500,634.8500,633.5000,633.5500,62500
1491369541,635.1500,635.3500,633.2000,634.8000,272400
1491369841,635.7000,636.4000,635.0000,635.2000,32100
1491370141,635.6500,635.6500,635.0500,635.3500,20300
1491370440,634.6000,636.3000,634.1000,635.5500,37800
1491370741,633.8500,634.7500,633.3000,634.6500,24200
1491371043,633.6500,634.1000,633.3000,633.9000,11000
1491371341,634.0000,634.5000,633.1500,633.8000,104200
1491371640,633.9000,634.4000,633.7500,634.1000,17200
1491371940,633.8500,634.2000,633.7500,633.8000,21200
1491372241,634.0500,634.8500,633.8000,633.8000,37100
1491372543,633.9500,634.5500,633.6500,634.1500,24700
1491372841,633.9000,634.7000,633.8000,633.9000,25200
1491373148,633.8000,634.0000,633.7500,633.8500,10400
1491373442,632.4000,634.0000,632.0000,633.8000,171300
1491373741,632.0000,632.2500,631.2000,632.2500,203800
1491374040,631.9000,632.0000,631.7000,631.9500,25700
1491374340,631.9000,632.0000,631.7000,631.8500,16800
1491374640,631.9500,632.0500,631.7500,631.9500,42400
1491374941,631.7500,632.2500,631.7000,632.0000,50700
1491375241,634.0000,634.1500,631.2000,631.8000,186000
1491375599,634.5500,635.4000,634.0000,634.0500,39700
1491375841,634.2500,634.8000,634.1500,634.4000,13000
1491376140,634.4500,634.8000,634.1500,634.5000,16500
1491376440,634.2000,634.7500,634.0000,634.4000,19000
1491376746,633.7000,634.7000,633.7000,634.4000,15400
1491377040,634.0500,634.4500,633.5000,634.1500,44100
1491377341,633.8500,634.3500,633.6500,634.0000,12000
1491377644,633.4000,634.2000,633.3000,633.8500,12300
1491377940,633.6500,634.0000,633.4000,633.5000,10400
1491378242,635.0000,635.0000,633.1500,633.7000,121000
1491378541,634.6000,635.6500,634.4500,634.8500,22700
1491378841,635.1000,635.4000,634.4500,634.5500,23300
1491379140,635.7500,635.7500,635.0000,635.4000,16800
1491379441,636.0500,636.4500,635.5000,635.5000,32200
1491379740,638.2500,638.2500,635.9500,636.1000,47100
1491380099,636.8500,638.5000,636.3000,638.1000,61300
1491380340,637.5000,637.8500,636.5000,636.5500,46000
1491380642,637.0000,637.9000,636.0500,637.0000,80500
1491380946,637.4000,638.0000,636.9000,636.9000,28400
1491381243,636.1000,637.6500,635.7500,637.5500,42100
1491381540,636.1000,636.4000,635.8000,636.0500,10500
1491381855,636.0500,636.1000,635.1000,635.8500,83900
1491382150,635.2500,636.0500,635.0500,636.0000,14000
1491382441,635.5500,635.9000,635.0000,635.1000,18000
1491382799,636.0500,636.4000,635.4000,635.8500,18400
1491383041,636.0500,636.7500,635.7500,636.0000,21400
1491383343,635.8000,636.0500,635.4000,636.0000,16300
1491383642,634.7000,635.9000,634.2000,635.4500,30400
1491383948,635.2000,635.6000,634.6000,634.9000,21100
1491384242,635.2500,635.7000,635.0500,635.1500,17100
1491384540,635.2500,635.6000,635.0500,635.2000,27500
1491384899,636.8500,637.0000,635.1000,635.1000,39200
1491385140,637.3000,637.5000,636.7500,636.8000,47700
1491385440,638.8500,639.4000,637.2500,637.2500,66500
1491385740,638.1500,639.3000,638.1500,639.0000,35500
1491386042,638.3000,638.7500,637.4000,638.2000,46700
1491386343,637.9000,638.4500,637.2000,638.1500,22400
1491450542,635.9000,637.8000,633.6500,637.8000,0
1491450899,634.9500,636.4000,634.9500,636.0000,21200
1491451145,634.6500,634.9000,632.5000,634.9000,34000
1491451447,636.5500,636.5500,634.6000,634.7000,19100
1491451743,634.7500,636.8500,634.6000,636.8000,13000
1491452040,634.8500,635.2500,634.4000,634.8000,12400
1491452358,634.9500,635.0000,634.5500,634.7000,8700
1491452641,634.8000,636.3000,634.5500,634.9000,19900
1491452952,635.2000,635.5500,634.7500,634.7500,8300
1491453243,635.7000,635.9000,635.0500,635.0500,20800
1491453544,636.7000,636.7000,635.5500,635.6500,14600
1491453899,636.4500,636.9500,635.6500,636.9500,11400
1491454142,637.0000,637.0000,636.5000,636.5000,15000
1491454445,639.3500,639.7000,636.6000,636.6000,42000
1491454741,639.8500,640.1500,639.3000,639.5000,46700
1491455040,638.9000,639.5500,637.5000,639.5000,38900
1491455343,637.9500,639.0500,637.9500,638.9500,17000
1491455643,638.2500,638.3000,637.7000,638.0000,19600
1491455940,638.3500,638.4000,637.9500,638.3500,18900
1491456243,639.3000,639.4000,638.3000,638.4000,11300
1491456599,638.6500,639.4000,638.5000,639.4000,9800
1491456840,637.9000,638.7500,637.9000,638.6000,10700
1491457143,637.4000,638.3000,637.2500,638.3000,8300
1491457499,636.4000,637.4000,635.9000,637.3500,13100
1491457748,638.3000,638.4000,636.2500,636.2500,11200
1491458050,637.7500,638.4000,637.5000,638.3500,9600
1491458340,638.4000,638.4500,637.3500,637.6500,9800
1491458640,640.2000,640.9500,638.4500,638.4500,26200
1491458949,638.7500,640.4000,638.7000,640.0000,19500
1491459251,637.8000,638.7500,637.5500,638.7000,15500
1491459543,637.6500,638.0000,637.6000,637.8500,9300
1491459899,637.9500,638.1000,637.6000,637.7000,9200
1491460199,637.9000,638.1500,637.8000,638.0000,8300
1491460485,638.1500,638.1500,637.6000,637.8000,9100
1491460743,638.8000,638.8000,637.6500,638.0000,20900
1491461042,639.3500,639.7000,638.6000,638.7000,20000
1491461343,638.4500,639.5500,637.8500,639.4000,14100
1491461657,639.3500,639.3500,638.2000,638.4000,18900
1491461952,638.4500,639.7000,638.2500,639.2500,10600
1491462240,638.3500,638.6000,637.8000,638.3500,12300
1491462547,638.7000,639.3000,638.4000,638.5500,13600
1491462840,639.0500,639.0500,638.5000,638.5500,11700
1491463152,638.9000,638.9000,638.6000,638.8500,9000
1491463448,639.1500,639.2500,638.7000,638.8000,11600
1491463740,638.7500,639.3000,638.7000,639.3000,13600
1491464055,639.1000,639.3500,638.7000,638.7000,10700
1491464340,638.9500,639.1000,638.7000,638.8500,8300
1491464661,637.6500,638.9500,637.6500,638.8500,12900
1491464962,637.7000,637.7500,637.5000,637.7000,7300
1491465254,637.4500,637.7500,637.4500,637.6500,9200
1491465540,637.6500,637.7500,637.4500,637.7000,9000
1491465860,638.0000,638.5500,637.6000,637.7500,12700
1491466147,638.0000,638.1000,637.6500,637.8500,7100
1491466440,638.0000,638.0500,637.9000,637.9500,10200
1491466740,638.4000,638.7000,637.9500,637.9500,13300
1491467048,637.7500,638.4500,637.7000,638.3500,11300
1491467340,638.0000,638.0000,637.4500,637.7000,14300
1491467643,638.0000,638.0500,637.7500,637.7500,18400
1491467946,638.8500,639.0000,637.9500,638.0500,11300
1491468241,639.1000,639.1000,638.2000,639.1000,9000
1491468541,639.7000,640.0000,638.4500,639.0000,18000
1491468847,639.7000,640.0000,639.5000,639.8000,8900
1491469146,638.1000,639.8500,638.0000,639.8000,16900
1491469441,638.7500,639.0000,637.9000,638.0500,21600
1491469754,638.9500,639.0000,638.5000,638.7000,16100
1491470040,639.3500,639.9000,638.7500,638.8500,25200
1491470399,641.3000,641.8000,638.8500,639.3000,50100
1491470641,642.8000,643.7500,641.0500,641.3500,64100
1491470940,643.3000,644.0000,642.8000,642.9000,85600
1491471240,645.2000,645.5000,643.3500,643.4500,87800
1491471544,646.0000,646.5000,645.2500,645.2500,73800
1491471841,645.5500,646.9500,645.0500,646.1000,73800
1491472141,646.6000,646.9500,645.0000,645.3500,72600
1491472440,647.0500,647.0500,645.8500,646.9500,117500
1491472745,647.0500,647.6000,647.0000,647.2000,145400
1491536943,648.7500,648.9500,643.1000,643.8500,0
1491537240,652.6000,654.0000,648.6000,648.6000,120900
1491537541,652.9500,653.0000,651.5500,652.3000,46300
1491537899,653.0500,653.2500,652.5500,652.7500,32800
1491538140,654.5000,654.7500,652.8500,653.0000,57700
1491538498,654.9000,655.9500,654.5000,654.6000,77000
1491538740,655.4000,656.0000,655.0000,655.0000,32900
1491539044,657.8000,657.9000,655.2500,655.4500,103900
1491539341,658.4500,658.5000,657.0000,657.7500,190800
1491539640,658.0000,658.9000,658.0000,658.4000,116300
1491539998,658.2000,658.8000,658.0000,658.1500,66400
1491540299,659.4000,660.2000,658.0000,658.1500,164300
1491540599,659.9500,660.0000,657.5500,659.4500,186600
1491540841,660.8000,661.9000,659.8500,660.0000,86700
1491541141,660.5500,661.0000,659.6500,660.4000,25900
1491541441,658.8000,660.5000,658.5500,660.4500,26200
1491541797,660.6500,661.0000,658.7500,658.7500,21300
1491542048,660.2500,660.8000,659.5500,660.5500,14500
1491542347,660.6000,660.7500,660.0000,660.1500,31600
1491542642,660.9000,661.0000,660.2500,660.7000,18200
1491542998,662.4500,663.2500,660.8000,660.8500,124600
1491543298,662.0000,662.6500,661.4000,662.6500,37500
1491543543,662.2500,662.8500,662.0000,662.2500,14100
1491543848,660.5000,662.7000,660.4000,662.3000,23500
1491544140,662.0500,662.2500,660.2500,660.4500,16900
1491544440,661.2000,662.4500,660.6500,662.3500,12200
1491544796,660.6000,661.3000,660.2000,661.0500,10800
1491545040,659.5000,660.7500,659.5000,660.6500,18600
1491545341,660.0000,660.0000,658.3000,659.3500,21700
1491545642,660.4500,660.4500,659.5000,659.7000,16200
1491545941,660.1500,660.9500,660.0000,660.2000,14800
1491546242,658.9500,660.1500,658.6000,660.1500,19200
1491546540,660.2000,660.4000,658.7500,658.7500,24900
1491546841,660.1500,660.3000,659.9500,660.0000,16900
1491547149,660.0500,660.3000,660.0000,660.3000,22400
1491547499,659.9000,660.2500,659.5500,660.2500,14700
1491547799,660.2000,660.2500,659.9000,660.2000,7500
1491548040,660.5000,660.5000,660.0000,660.2500,11700
1491548340,660.0000,660.5500,659.2500,660.5500,16100
1491548640,661.0000,661.3000,659.4500,660.0000,24200
1491548941,661.0000,661.0000,660.5000,660.8000,16800
1491549241,661.5000,661.9000,660.6500,660.9000,16300
1491549540,661.8500,662.0000,661.3500,661.3500,19300
1491549840,661.9000,662.0000,661.4500,661.8500,16300
1491550140,664.0500,664.4500,661.8000,661.8000,72800
1491550440,663.9500,664.5000,663.6000,664.1000,33500
1491550741,663.6000,663.9500,663.0000,663.8500,27600
1491551053,664.0000,664.1000,663.5500,663.7500,21500
1491551342,664.2000,664.5000,663.7000,663.9500,36500
1491551642,664.2500,664.5000,664.0000,664.2500,29500
1491551942,663.9500,664.5000,663.7000,664.2000,25400
1491552240,663.7000,664.3000,663.2000,664.0000,26400
1491552545,664.5000,664.5000,663.5500,663.5500,35300
1491552840,665.3000,665.5000,664.7000,664.8000,58400
1491553140,667.6000,667.8000,665.2500,665.3000,107700
1491553440,670.0000,670.4000,667.1000,667.5000,208500
1491553744,669.1000,670.2500,668.0000,670.0500,105700
1491554099,671.0500,671.6500,668.9500,669.0000,91200
1491554341,673.5500,674.2500,671.0500,671.3000,148400
1491554640,674.4000,675.0000,673.5000,673.5000,186400
1491554940,673.5000,674.9000,672.0000,674.2500,81900
1491555241,675.6000,676.3500,673.3500,673.3500,132800
1491555541,678.4000,679.5000,675.1000,675.5000,278600
1491555841,675.3500,679.0000,674.9500,678.0000,101100
1491556140,674.4500,675.5000,674.0000,675.4000,93800
1491556441,673.7000,675.5000,673.5000,674.5000,96000
1491556746,673.1000,674.0000,669.6000,674.0000,187400
1491557040,673.4500,674.9500,672.9500,672.9500,84100
1491557340,674.9000,675.0000,673.0000,673.7500,119200
1491557640,675.0000,675.0500,673.9000,674.9500,107800
1491557940,674.0500,676.2500,673.7000,674.9500,165200
1491558241,675.0000,675.3500,673.5000,674.3000,148500
1491558542,675.5000,676.3500,674.7000,674.9500,150900
1491558840,676.8000,677.5000,674.8500,675.5500,136700
1491559140,675.8000,677.5000,674.0000,676.8500,90100
1491559200,675.3500,675.3500,675.3500,675.3500,0
1491796141,690.3000,692.7000,680.5500,680.5500,449000
1491796440,696.3500,696.9000,690.2000,690.2000,502700
1491796740,695.5000,696.6000,691.6000,696.1000,228400
1491797040,694.3500,698.3500,694.0000,695.1000,225600
1491797340,694.4500,695.9500,693.5500,694.0000,80600
1491797643,693.0000,694.5000,692.6500,694.1500,140000
1491797940,691.8000,693.0000,691.5000,692.9500,78100
1491798245,694.0500,694.0500,691.5000,691.5500,84000
1491798599,694.5500,695.9000,693.7000,693.7000,78200
1491798899,695.3500,695.6000,693.6500,694.4500,54200
1491799141,694.9000,695.6000,694.4500,695.2500,27400
1491799440,694.5000,695.3000,694.0500,694.4500,35700
1491799740,694.1500,694.7000,693.6500,694.6000,26200
1491800041,693.9500,694.7500,693.4000,694.3000,19900
1491800342,694.0000,694.7500,693.4000,693.7000,46700
1491800697,693.9500,694.5000,693.2500,694.4000,32900
1491800941,694.0000,694.0500,693.7000,693.8500,29900
1491801299,694.9000,695.0000,693.6500,693.9500,58900
1491801541,695.3500,696.9500,694.6500,694.8000,79000
1491801845,695.0000,696.0000,694.9000,695.7000,24400
1491802142,694.4000,695.3000,694.2500,695.0500,12900
1491802453,696.0000,696.2000,694.1000,694.3500,29500
1491802740,695.7500,696.5000,695.3500,695.8000,26800
1491803040,698.5000,700.0000,695.9500,696.1000,284700
1491803341,698.4500,698.5500,696.2500,698.2500,67300
1491803640,702.7000,702.8500,698.1500,698.2000,285300
1491803946,701.7500,702.7000,700.5000,702.6500,103200
1491804240,701.0000,702.0000,700.8500,701.5000,70200
1491804599,700.5500,701.0000,700.2500,700.9000,31500
1491804840,701.8000,701.9000,700.5000,700.7000,29400
1491805145,703.4000,704.4500,701.8000,701.8500,93100
1491805441,702.8000,703.8000,702.3000,703.4500,47400
1491805799,701.4000,703.0000,700.5000,702.7500,67900
1491806040,701.0000,702.0000,700.7500,701.4500,63800
1491806344,700.9500,701.0000,700.4000,700.9000,13600
1491806640,702.4000,703.4000,700.5000,700.5000,51900
1491806940,704.8000,704.8500,702.0000,702.5500,68000
1491807299,703.1000,704.8500,703.0000,704.8500,30400
1491807598,702.9500,703.7000,702.8500,703.0000,57100
1491807845,701.7500,703.0500,701.1000,702.9000,31100
1491808141,699.9000,701.7500,699.5000,701.5500,72100
1491808444,700.1000,701.5000,699.5000,700.0000,49900
1491808740,700.4500,700.9000,699.6500,700.0000,38700
1491809041,699.5500,701.0500,699.5000,700.3500,42800
1491809340,698.6500,700.2000,698.5500,699.7000,46800
1491809640,698.5000,698.6500,696.4000,698.4500,63600
1491809943,698.2000,698.5500,697.5500,698.4000,24400
1491810245,697.7000,698.4500,697.5000,698.4500,22000
1491810542,698.5000,698.5500,697.4500,697.4500,12500
1491810851,699.5500,700.0000,698.5000,698.6000,34600
1491811143,697.5000,699.3500,697.4500,699.2500,23600
1491811440,698.0000,698.8000,696.8500,697.7000,37400
1491811742,696.7000,698.1500,696.3000,698.1500,47600
1491812041,696.3500,696.9500,694.2500,696.7500,78400
1491812340,696.5000,696.8000,695.6500,696.4000,15200
1491812640,695.6000,696.8000,695.1000,696.6500,17500
1491812940,697.4000,697.9500,695.5500,695.9500,34600
1491813240,699.3500,699.5000,696.6000,697.8000,20700
1491813556,699.2000,699.7000,698.5000,699.5000,25400
1491813840,701.8000,701.9500,698.8500,699.1500,57900
1491814141,702.0000,702.9000,701.2000,701.5000,48300
1491814440,701.8500,702.2000,701.3000,701.9500,39500
1491814743,700.6000,701.8000,700.1000,701.7500,15900
1491815099,699.9000,700.5000,699.3000,700.5000,22100
1491815342,699.3000,700.0000,699.0000,699.8000,18500
1491815646,699.0000,699.3000,698.1000,699.1500,21500
1491815940,699.4500,699.7000,698.8500,698.8500,21500
1491816240,699.4500,699.9500,698.9000,699.4000,20300
1491816540,698.7500,699.4500,698.1000,699.0500,20200
1491816840,700.7500,701.4500,698.1000,698.5000,47100
1491817140,700.6500,701.7000,700.4000,700.5000,47600
1491817441,701.2500,701.5000,700.1000,701.0500,60200
1491817740,701.0000,703.0000,700.6000,701.4000,126000
1491818040,697.1000,701.0500,696.7000,701.0500,77800
1491818344,696.0500,698.0000,695.1500,697.4500,30700
1491882540,712.0000,713.3500,701.8000,703.0000,0
1491882840,711.0000,712.5000,709.7500,712.3000,208400
1491883140,710.0000,711.0000,709.5000,710.8500,130300
1491883440,709.1500,710.0000,708.3000,709.9000,91700
1491883740,710.5500,711.1000,708.8000,709.2500,121100
1491884041,709.0000,710.5000,707.5000,710.2500,79800
1491884341,709.8500,710.0000,708.0000,709.4000,48000
1491884640,710.2500,710.5000,709.5000,709.6500,67400
1491884940,709.1500,710.5000,708.5000,710.4000,40500
1491885241,709.5000,711.7000,708.9000,709.2000,51900
1491885540,709.4500,710.0000,708.6000,709.1500,34200
1491885842,710.5500,710.5500,709.2000,709.5000,61000
1491886143,709.5000,710.6000,709.0000,710.6000,70300
1491886496,710.0000,710.4000,708.6000,709.6500,90500
1491886742,709.2500,710.0000,709.0000,709.5500,28300
1491887046,709.5000,710.0000,708.1000,709.1500,33600
1491887340,709.4000,709.9000,709.2000,709.4500,10900
1491887643,709.7500,709.8000,709.2500,709.3500,15600
1491887997,709.4000,709.9000,709.0000,709.5500,25500
1491888240,708.8000,709.5000,708.5500,709.2000,21100
1491888541,708.2500,708.9000,707.6000,708.7000,33200
1491888843,708.9000,709.1000,708.1500,708.1500,16100
1491889198,708.8500,709.0000,708.4500,708.8000,8500
1491889440,708.4000,709.0000,708.0000,708.7500,18300
1491889741,711.0000,711.2500,708.3500,708.3500,74000
1491890040,710.6000,711.0000,710.0000,710.9000,44900
1491890397,710.7500,712.0000,710.2000,710.2500,92900
1491890699,710.1500,711.0000,710.0000,710.8500,21600
1491890943,708.5500,710.1500,708.5000,710.1000,26600
1491891241,710.0500,711.9500,708.9500,708.9500,104600
1491891548,709.5000,710.2500,709.3500,710.2500,11300
1491891841,709.6000,710.0000,709.3000,709.5000,7500
1491892144,709.7500,710.0000,709.5000,709.5500,7000
1491892493,710.0000,710.4000,709.1000,709.9000,26900
1491892742,709.8500,710.1500,709.5000,709.9000,15500
1491893040,709.4500,710.2000,709.0500,709.7500,22300
1491893360,709.2500,709.8000,709.1500,709.3000,21000
1491893640,709.2500,709.5000,709.0000,709.5000,25400
1491893940,709.3000,709.5000,709.0500,709.0500,9800
1491894251,709.1500,709.9500,709.1500,709.3000,10700
1491894558,709.1500,709.7500,709.1500,709.7500,10500
1491894840,708.0000,709.2000,708.0000,709.2000,23100
1491895140,708.5500,708.6000,708.0000,708.2500,16300
1491895441,708.9500,709.3000,708.1500,708.5500,9000
1491895740,709.8500,709.9000,708.3000,708.6500,29700
1491896042,710.0500,710.8500,708.7000,709.4000,80500
1491896353,709.3000,711.5000,709.1500,710.1000,33600
1491896640,708.8000,709.9500,708.8000,709.1500,14200
1491896940,708.6000,709.0000,708.5000,709.0000,17400
1491897249,708.7000,708.8000,708.4500,708.5500,7700
1491897599,709.0500,709.6500,708.6000,708.8000,11000
1491897841,708.9500,709.9000,708.7000,709.3000,16000
1491898140,709.6000,709.9500,708.9000,709.2500,11700
1491898441,709.7500,710.1000,709.0000,709.8500,20000
1491898740,709.5500,710.1000,709.2000,709.8000,40600
1491899040,709.1500,709.9500,708.8000,709.5000,32000
1491899358,708.8000,709.7000,708.5500,708.9000,19500
1491899651,709.5500,709.5500,708.8000,709.0000,10800
1491899945,709.9000,709.9000,709.2000,709.2500,10400
1491900240,710.0000,710.0000,709.6000,709.8000,15600
1491900541,709.4500,710.0000,709.2500,709.9500,20500
1491900840,710.0000,710.0000,708.8500,709.1000,68500
1491901143,709.5000,709.9500,709.3000,709.6500,7400
1491901448,709.9000,709.9500,709.5000,709.7000,11400
1491901750,709.6000,710.0000,709.5000,709.8500,16500
1491902045,709.6000,709.9000,709.4000,709.5500,14500
1491902348,709.4500,709.8500,709.1500,709.8000,24100
1491902641,709.7000,709.7000,709.1500,709.3000,22500
1491902942,710.6500,712.0000,709.7000,709.7500,81000
1491903243,710.0500,711.0000,710.0000,710.7000,35500
1491903542,710.4000,710.9000,709.7000,710.0000,41200
1491903840,709.3500,710.5000,709.2500,710.2000,172100
1491904141,710.8500,711.0000,709.2000,709.4000,71000
1491904440,711.4500,711.8000,710.5000,710.8000,75300
1491904740,711.4000,712.0000,710.8000,711.5000,60100
1491968941,713.2000,715.0000,711.0500,712.5000,0
1491969241,712.3000,713.3000,711.5500,713.3000,34400
1491969547,712.6000,713.2000,712.0000,712.2000,18200
1491969842,710.5500,712.5000,710.5000,712.3000,29500
1491970146,706.9000,710.6000,706.1500,710.5000,72800
1491970441,708.8000,708.9500,705.3000,706.4000,34200
1491970741,707.1000,709.9500,707.0000,708.9000,12600
1491971040,703.9500,707.0000,703.7000,707.0000,30600
1491971345,706.0000,706.8000,703.7000,704.0000,26400
1491971640,700.3000,705.6000,698.5500,705.5500,57300
1491971945,704.7500,705.2000,700.0000,700.4500,31900
1491972241,704.5000,704.9000,703.8000,704.9000,18900
1491972543,707.8500,707.9000,704.3500,704.3500,18800
1491972841,705.0000,709.5000,704.9000,707.9000,50000
1491973198,704.4500,705.5000,704.0000,705.4000,19800
1491973499,703.3000,705.1000,703.0000,704.5000,15000
1491973743,703.3000,704.1500,703.2500,703.2500,11600
1491974099,701.2500,703.2000,701.2000,703.2000,22900
1491974340,701.3000,702.3500,701.2500,701.3500,11200
1491974640,701.7500,701.8500,701.0000,701.4000,7800
1491974999,701.7500,702.3000,701.5000,701.7000,5700
1491975242,704.1500,704.3500,701.5500,701.8000,42300
1491975541,704.5500,706.2000,702.6000,704.0500,44000
1491975899,706.1500,707.0000,704.0000,704.6000,31200
1491976147,705.1500,708.0500,705.1500,706.0500,20100
1491976448,706.2500,706.5500,705.1000,705.1000,5100
1491976749,705.3500,707.0500,705.1500,706.3000,9700
1491977040,705.1500,706.2000,704.7500,705.3000,5800
1491977361,705.8000,706.0000,705.2000,705.2500,4900
1491977664,704.6500,706.3000,704.5000,705.9500,7000
1491977956,705.0000,705.2000,704.6000,704.6000,5500
1491978258,705.4000,705.6000,704.5500,705.2000,10000
1491978583,705.1000,705.6500,705.0000,705.5000,9300
1491978847,705.1500,705.5000,704.5500,705.2000,7300
1491979141,705.7500,706.4000,705.0000,705.3000,13200
1491979450,706.1000,706.6500,705.6000,705.7000,6400
1491979742,708.0000,708.5000,706.1500,706.1500,22500
1491980099,709.8500,709.9000,707.1000,707.8000,25000
1491980340,712.8500,714.3500,709.0000,709.8000,87100
1491980699,712.3500,713.7000,711.4500,713.7000,23200
1491980943,710.6000,713.0000,710.5000,712.5500,18700
1491981243,711.4000,712.0000,710.6000,710.6500,7700
1491981540,712.4000,712.7500,711.0000,711.4000,17900
1491981840,711.7500,713.0000,711.5000,712.9000,22700
1491982145,711.0000,712.2500,711.0000,712.0000,10500
1491982442,709.4000,711.4500,709.4000,711.3000,9600
1491982741,709.1000,710.2000,707.8000,709.5500,18600
1491983044,710.6500,711.0000,709.2000,709.4000,8200
1491983341,710.7000,711.0000,710.1500,710.9500,8200
1491983641,711.0000,711.5000,710.2500,710.6000,11900
1491983940,711.3000,712.0000,710.9000,710.9000,12100
1491984246,711.5000,711.9000,711.0000,711.2500,10800
1491984541,710.6500,711.5000,710.2500,711.4000,7700
1491984841,710.0000,711.0000,709.4500,710.5500,14900
1491985140,711.2000,711.4500,709.8000,709.9500,9600
1491985440,713.3000,714.8000,711.4500,711.4500,66400
1491985741,715.0000,715.0000,713.1500,713.5000,33300
1491986041,720.3000,721.5500,715.5500,715.5500,186300
1491986340,719.2500,721.6000,719.0000,720.1500,78300
1491986640,717.6500,719.7000,717.0000,719.6000,63500
1491986942,717.0000,717.8000,716.6000,717.7000,35000
1491987240,716.4500,717.8500,715.1500,716.8000,29200
1491987540,716.0500,716.5000,715.1000,716.5000,41500
1491987840,716.0000,716.0500,714.0500,715.7000,40000
1491988141,714.0000,716.0000,713.2500,715.8000,36700
1491988443,715.6000,715.9500,714.1000,714.1000,24400
1491988744,714.6000,715.4500,714.2500,715.4500,13900
1491989040,714.5000,715.8000,714.5000,714.6500,13100
1491989342,715.2500,715.6000,714.5000,714.6500,16200
1491989640,715.8000,716.9000,715.4500,715.4500,47400
1491989941,718.4500,718.4500,715.5500,715.7500,44700
1491990240,717.7000,718.5500,716.5500,718.2000,42400
1491990541,716.7500,718.0000,716.5000,717.6500,55400
1491990840,717.9000,718.0000,716.3000,716.6000,60000
1491991140,719.0000,719.9000,717.1000,717.9500,59800
1491991200,718.0000,718.0000,718.0000,718.0000,0
