1493351640	274.4	274.9	274.05	274.3	89300
1493351997	274.3	274.5	273.8	274.5	59000
1493352240	275.15	275.35	274.2	274.2	106300
1493352540	274.7	275.25	274.65	275.05	58700
1493352841	274.95	275	274.6	274.65	51200
1493353140	275	275.25	274.75	274.9	51100
1493353445	274.65	275	274.65	274.9	48200
1493353797	274.1	274.85	273.95	274.8	99700
1493354042	274.15	274.2	273.9	274.15	70400
1493354343	274.4	274.55	274.1	274.1	68200
1493354640	274.35	274.45	274.1	274.35	41700
1493354941	274.9	275.15	274.05	274.3	136300
1493355242	277.2	277.3	274.8	274.95	498800
1493355543	277.65	277.95	277	277.15	343300
1493355840	277.95	277.95	277.3	277.7	193200
1493356140	277.9	278.4	277.25	277.9	186900
1493356443	277.45	278.1	277.25	277.85	108100
1493356740	276.9	277.4	276.75	277.3	62500
1493357040	276.4	277.15	276.25	276.85	77200
1493357355	276.8	276.9	276.3	276.3	40800
1493357640	276.4	276.85	276.3	276.85	55700
1493357996	276.2	276.5	276	276.3	76700
1493358299	276.85	276.95	276	276.05	67800
1493358599	276.8	277.25	276.65	276.9	78200
1493358842	277	277.1	276.7	276.9	39600
1493359143	276.7	277.1	276.6	276.95	44900
1493359443	276.75	277	276.6	276.65	48500
1493359798	276.35	276.8	276.35	276.7	28400
1493360042	276.25	276.5	276.05	276.4	29600
1493360398	276.4	276.75	276.1	276.2	34900
1493360642	276.3	276.4	276.1	276.25	44700
1493360942	276	276.4	276	276.4	40200
1493361240	275.65	276.15	275.1	276.1	166800
1493361557	276	276.25	275.55	275.6	71200
1493361846	275.95	276.2	275.8	275.9	23800
1493362197	275.9	276.15	275.9	275.9	28800
1493362442	276.1	276.15	275.8	276	21300
1493362754	276.15	276.3	276.05	276.2	14600
1493363099	276.1	276.2	275.85	276.1	24000
1493363399	276.05	276.8	276	276.15	42500
1493363642	275.6	276.1	275.5	276.1	30800
1493363996	275.7	275.9	275.5	275.6	27500
1493364245	276.05	276.25	275.85	275.9	26000
1493364544	275.75	276.2	275.7	276.2	26600
1493364842	275.85	275.95	275.5	275.7	31400
1493365198	275.65	275.8	275.55	275.8	33800
1493365441	276	276.1	275.45	275.6	82400
1493365741	276.15	276.4	276.05	276.1	41600
1493366040	276.65	276.8	276.05	276.1	94700
1493366341	276.6	276.85	276.2	276.7	41200
1493366641	277.05	277.2	276.4	276.65	129500
1493366940	277.3	277.55	276.8	277.1	124000
1493367244	276.7	277.6	276.7	277.25	77000
1493367541	277	277.4	276.55	276.75	189200
1493367841	277.5	277.5	277	277.25	336100
1493368199	277.3	277.5	277.05	277.45	109300
1493368445	277.8	277.9	277.25	277.25	140200
1493368740	277.95	278	277.65	277.7	133600
1493369041	277.5	278	277.5	277.85	91200
1493369340	277.2	277.7	276.85	277.55	86800
1493369650	277.1	277.55	276.95	277.35	51800
1493369940	277.2	277.7	276.85	277.05	69000
1493370241	277.65	277.65	277.1	277.25	39700
1493370542	277.9	278	276.9	277.5	148400
1493370842	277.75	277.95	277.5	277.85	51000
1493371140	277.9	278	277.65	277.8	154100
1493371441	278.6	279.1	277.6	277.85	330900
1493371741	278.85	279.4	278.6	278.75	376500
1493372042	278.2	278.95	278.1	278.95	191100
1493372341	278.4	278.5	277.7	278.1	216400
1493372642	279.1	279.1	278.1	278.3	266900
1493372940	278.75	279.3	278.65	279	418700
1493373240	278.4	278.85	278.2	278.8	347900
1493373548	277.8	278.4	277.7	278.35	385400
1493696940	279.9	280.7	278.7	280.2	0
1493697241	279.7	280.3	279.65	279.95	230300
1493697540	279.65	280	279.25	279.75	261500
1493697899	279.95	280	279.65	279.85	139700
1493698141	279.4	280.2	279.35	279.9	123300
1493698440	278.8	279.85	278.65	279.35	263100
1493698743	278.85	279.15	278.7	279.05	142600
1493699050	278.65	278.9	277.75	278.9	337600
1493699340	278.25	278.95	278.05	278.5	100000
1493699641	278.4	278.6	278.05	278.2	81100
1493699943	277.9	278.55	277.9	278.25	146600
1493700247	277.95	278.4	277.8	278	88700
1493700541	277.55	278.1	277.15	278	191300
1493700899	277.35	277.8	277.2	277.5	80100
1493701143	277.3	277.45	277	277.4	168400
1493701440	277	277.45	276.75	277.45	87800
1493701743	277.05	277.3	276.8	276.85	189700
1493702042	276.25	277.1	275.85	277.1	265600
1493702341	275.9	276.5	275.65	276.1	84400
1493702694	276.5	276.85	275.7	276	82600
1493702999	276.6	276.9	276.45	276.6	42100
1493703240	276.7	276.9	276.4	276.5	47100
1493703540	276.85	276.9	276.7	276.8	34000
1493703842	276.2	276.9	276	276.8	70300
1493704148	276.3	276.65	276	276.25	71500
1493704499	276.1	276.45	276.05	276.35	41800
1493704740	275.35	276.5	275.25	276.15	147400
1493705040	275.5	275.6	275.25	275.3	82900
1493705399	276.25	276.35	275.45	275.6	103900
1493705640	276.05	276.4	276.05	276.2	43800
1493705940	275.75	276.25	275.6	276.15	130800
1493706299	276	276.05	275.7	275.75	69200
1493706544	275.85	276.05	275.65	276.05	41900
1493706846	275.3	275.75	275.1	275.75	103900
1493707142	275.35	275.5	275.2	275.35	68400
1493707440	275.1	275.45	275	275.3	270200
1493707741	275.5	275.9	275	275.05	168100
1493708098	275.65	275.8	275.4	275.55	89800
1493708342	276.55	276.6	275.7	275.7	88900
1493708641	276.05	276.6	275.95	276.55	95300
1493708944	276.25	276.5	276.05	276.1	90300
1493709242	275.9	276.35	275.85	276.35	87000
1493709547	276.2	276.3	275.9	275.9	65900
1493709841	276.2	276.35	276	276.05	48600
1493710153	275.95	276.25	275.95	276.25	387800
1493710440	275.95	276.05	275.8	275.95	94700
1493710742	276	276.1	275.85	275.9	100700
1493711041	276.4	276.4	275.95	275.95	88800
1493711341	276.55	276.75	276.3	276.35	196000
1493711641	276.7	276.95	276.45	276.5	176300
1493711943	276.6	276.9	276.5	276.65	97700
1493712241	276.25	276.85	276.25	276.65	81100
1493712541	276.3	276.4	276.2	276.3	81200
1493712842	276.15	276.4	276.15	276.35	69000
1493713160	276.4	276.4	276.15	276.2	67600
1493713440	276.3	276.45	275.8	276.3	89200
1493713740	276.4	276.55	276.1	276.2	120600
1493714041	276.35	276.45	276.15	276.35	67300
1493714340	276.1	276.4	276.05	276.4	63000
1493714640	276.25	276.45	276.15	276.15	90900
1493714940	276.2	276.4	276.2	276.3	46100
1493715244	275.8	276.3	275.75	276.3	60800
1493715540	275.7	275.9	275.15	275.75	103500
1493715898	276.3	276.45	275.7	275.75	94500
1493716199	276.5	276.85	276.2	276.25	216300
1493716440	276.15	276.5	276.15	276.4	75700
1493716740	276.25	276.45	276.15	276.2	66100
1493717042	276.15	276.4	276.1	276.2	54000
1493717341	276.25	276.5	276.05	276.3	102900
1493717699	276.15	276.45	276	276.4	190700
1493717940	276.25	276.4	275.6	276.1	205000
1493718240	276.4	276.45	276.1	276.3	237200
1493718541	276.35	276.55	275.75	276.45	306700
1493718841	275.4	276.4	275.05	276.3	5796500
1493719140	275.9	276	275.25	275.3	140800
1493783340	276.35	276.45	275.25	275.9	0
1493783640	276.4	277	275.85	276.15	468100
1493783940	275.6	276.3	275.3	276.25	562400
1493784240	275.8	276	275.6	275.7	166400
1493784540	276	276	275.55	275.65	128700
1493784841	275.7	276	275.55	275.9	229700
1493785199	275.15	275.85	274.8	275.6	393900
1493785441	276.45	276.45	274.95	275.1	610700
1493785740	275.75	276.45	275.55	276.4	343000
1493786040	275	275.8	274.35	275.8	555600
1493786398	274.35	275	274.05	274.95	217800
1493786697	274.65	274.8	274.3	274.3	86800
1493786940	274.55	274.7	274.3	274.5	56100
1493787241	274.35	274.65	274.15	274.6	94600
1493787541	273.95	274.4	273.6	274.4	218500
1493787840	274.1	274.5	273.95	274	209200
1493788152	274.2	274.4	274.1	274.2	70700
1493788440	274	274.15	273.9	274.15	177000
1493788740	274.4	274.45	273.95	273.95	58900
1493789043	274.25	274.45	274.15	274.45	47300
1493789341	274	274.4	273.9	274.2	115000
1493789699	274.15	274.25	273.9	273.95	71100
1493789945	274.15	274.25	274	274.2	73600
1493790241	274.15	274.25	274.05	274.1	92600
1493790546	273.9	274.2	273.85	274.2	111800
1493790840	273.75	274.15	273.75	273.95	117700
1493791141	273.9	274	273.65	273.7	117100
1493791445	273.4	273.9	273.15	273.85	202500
1493791741	273.25	273.45	273.1	273.35	128100
1493792040	273.55	273.75	273.15	273.15	113200
1493792340	273.95	274	273.4	273.4	128500
1493792642	274.05	274.15	273.65	273.95	212200
1493792940	273.4	274.05	273.4	274	179600
1493793240	273.5	273.75	273.25	273.45	141700
1493793541	272.9	273.6	272.6	273.4	582800
1493793840	273	273.1	272.75	272.8	223400
1493794141	273.3	273.3	272.85	272.9	179400
1493794440	273.35	273.6	273.1	273.25	104500
1493794745	273.45	273.45	273.25	273.3	79600
1493795040	272.75	273.45	272.65	273.4	187400
1493795340	273	273.15	272.5	272.8	196500
1493795640	273.15	273.25	272.8	272.95	129100
1493795942	272.8	273.15	272.65	273.05	124700
1493796247	272.6	273.2	272.25	272.8	206600
1493796540	272	272.75	271.85	272.7	635500
1493796842	271.75	272.2	271.3	272	596800
1493797144	272.35	272.45	271.75	271.85	255200
1493797440	272.45	272.5	271.8	272.2	155700
1493797741	272.5	272.9	272.4	272.5	214200
1493798097	272.75	272.8	272.35	272.55	100600
1493798341	272.9	272.95	272.6	272.8	151600
1493798640	273.5	273.65	272.9	272.95	430600
1493798941	273.2	273.6	273.1	273.55	214300
1493799240	273.5	273.6	273	273.3	162600
1493799540	273.5	273.5	273.2	273.45	141100
1493799899	273.5	273.8	273.25	273.55	200300
1493800140	273.45	273.65	273.15	273.45	263200
1493800442	273.95	274.35	273.3	273.4	533500
1493800741	273.6	274.15	273.5	274	275100
1493801041	273.25	273.55	273.15	273.55	257000
1493801343	272.85	273.4	272.7	273.2	1253100
1493801642	272.9	273	272	272.95	219500
1493801940	273	273.15	272.75	273	252400
1493802240	272.45	273	272.3	272.95	109800
1493802540	272.9	273.1	272.4	272.4	357300
1493802844	272.95	273	272.6	273	176900
1493803140	272.5	273	272.4	272.85	176100
1493803443	272.5	272.6	272.3	272.55	116200
1493803799	272.7	272.85	272.4	272.4	146500
1493804047	272.95	273.15	272.6	272.6	358100
1493804350	272.8	273.05	272.65	273	1253000
1493804644	272.65	272.9	272.4	272.9	717300
1493804941	272.65	272.8	272.15	272.7	1083500
1493805241	272.75	272.8	272.1	272.7	824800
1493805541	273.05	273.25	272.55	272.65	1039100
1493805600	272.75	272.75	272.75	272.75	0
1493869741	287.95	288.55	284.05	288.05	8626300
1493870040	288.3	289.35	286	287.75	6329900
1493870340	290.45	291.35	288.35	288.35	7566700
1493870642	290.6	292.2	290.2	290.5	5285100
1493870941	293.35	293.6	290.25	290.5	4008900
1493871240	295.8	296.45	293.5	293.5	8368300
1493871540	294.35	296.4	294.1	296	3285200
1493871841	294.65	294.95	293.7	294.4	1446800
1493872140	293.55	294.85	293.5	294.7	810200
1493872440	293.8	294.05	293.4	293.65	791900
1493872741	294.3	294.7	293.8	293.9	688000
1493873040	294.35	294.6	294.05	294.25	525300
1493873340	294.1	294.45	294	294.4	599700
1493873640	293.7	294.15	293.5	294.05	827900
1493873945	294.85	295	293.65	293.65	955600
1493874243	295.6	295.95	294.85	294.9	1770200
1493874540	295.6	296.2	295	295.65	1635700
1493874840	295.7	295.75	295.2	295.55	778900
1493875141	296.5	296.5	295.65	295.75	1037500
1493875440	295.9	296.45	295.55	296.45	871200
1493875741	295.65	295.95	295.25	295.95	579200
1493876040	296.85	296.9	295.6	295.7	1441300
1493876343	297.65	297.95	296.7	296.8	2376700
1493876640	297.5	298.65	297.45	297.75	2503200
1493876940	297.4	297.8	297.1	297.6	1012800
1493877243	296.9	297.4	296.5	297.35	998800
1493877540	297.25	297.45	296.9	296.95	519500
1493877841	296.7	297.35	296.55	297.3	550600
1493878142	297.15	297.3	296.6	296.65	7075500
1493878443	297.2	297.3	297	297.2	371100
1493878741	297.1	297.25	297	297.25	677400
1493879042	296.1	297.45	296.1	297.15	784300
1493879342	296.15	296.15	295.25	296	867500
1493879640	296.3	296.95	296	296.25	349600
1493879940	296	296.55	295.9	296.35	497300
1493880244	295.8	296	295.7	295.95	310800
1493880540	295.2	295.95	295.2	295.9	554500
1493880844	295.4	295.85	295.05	295.25	682300
1493881141	295.8	296	295.4	295.5	460500
1493881443	296.05	296.4	295.7	295.9	692000
1493881740	296.4	296.45	296	296	583500
1493882041	296.3	296.4	296.1	296.3	275500
1493882399	296.7	296.7	296.2	296.3	544000
1493882643	297.3	297.5	296.65	296.7	894700
1493882941	298.25	298.25	297.15	297.35	1768600
1493883240	298.2	298.35	297.7	298.25	932900
1493883540	297.8	298.6	297.7	298.25	781500
1493883840	297.45	297.85	297.05	297.85	427100
1493884141	297.85	298	297.55	297.6	382400
1493884440	298.25	298.25	297.55	297.8	423900
1493884741	298.1	298.3	297.65	298.2	450400
1493885043	298.45	298.45	298	298.05	376900
1493885342	298.4	298.85	298.25	298.35	866700
1493885640	298.35	298.45	298	298.45	435100
1493885999	298.7	298.85	298.3	298.3	568400
1493886240	298.2	299	298.1	298.65	776300
1493886540	298.5	298.5	297.95	298.15	451300
1493886852	298.45	298.6	298.4	298.45	537000
1493887140	299.15	299.25	298.05	298.4	960600
1493887440	299.6	299.7	298.6	299	1684600
1493887740	299.1	299.55	298.8	299.5	713600
1493888099	299.3	299.4	299	299.05	482800
1493888340	299.2	299.75	299.2	299.2	1052100
1493888643	298.65	299.35	298	299.15	1313900
1493888942	299.45	299.5	298.6	298.7	533200
1493889240	298.85	299.6	298.65	299.5	539300
1493889541	298.9	298.95	298.6	298.8	431300
1493889840	298.75	298.95	298.2	298.85	731800
1493890142	298.4	298.9	298.35	298.7	721600
1493890440	298	298.5	298	298.45	1264200
1493890740	297.3	298.15	297.1	298.1	2374900
1493891042	297.95	298.15	297.2	297.25	1706900
1493891340	297.85	298.4	297.7	297.9	2270800
1493891640	297.7	298	297.35	298	1487900
1493891940	297.55	298	297.45	297.85	1724000
1493892000	297.8	297.8	297.8	297.8	0
1493956140	297.55	299.8	297.25	299.7	2927400
1493956440	297.7	298.45	296.5	297.4	1962200
1493956740	299.2	299.95	297.65	297.8	2126400
1493957042	298.7	299.4	297.85	299.25	828000
1493957342	299.25	299.4	298.35	298.6	567200
1493957640	298.7	299.2	298.4	299.2	474700
1493957941	298.95	299.15	298.65	298.65	333200
1493958241	298.8	299.05	298.5	298.9	1008100
1493958540	298.45	298.85	298.25	298.85	367700
1493958840	298.55	298.7	298.25	298.4	161600
1493959142	299.4	299.4	298.5	298.5	520100
1493959441	299.7	300.45	299.25	299.35	1679200
1493959742	299.1	299.55	299	299.55	379100
1493960040	299.3	299.3	299	299.05	273700
1493960342	299.75	300.4	299.25	299.25	849900
1493960641	299.85	299.95	299.3	299.7	205700
1493960940	299.6	299.85	299.5	299.8	224600
1493961240	299.8	299.9	299.5	299.7	188300
1493961540	300.05	300.3	299.75	299.85	405000
1493961841	299.9	300.2	299.65	300.2	1665300
1493962140	299.4	299.95	298.8	299.95	664700
1493962440	299.8	299.8	299.4	299.45	118400
1493962740	299.55	299.8	299.4	299.75	193500
1493963041	299.7	299.8	299.4	299.6	180900
1493963340	299.7	299.95	299.4	299.75	237200
1493963640	299.45	299.95	299.4	299.75	203600
1493963941	299.25	299.7	299.15	299.4	251700
1493964242	299.4	299.65	299.1	299.3	204100
1493964542	299.6	299.65	299.35	299.45	196300
1493964899	298.7	299.65	298.1	299.5	415500
1493965147	298.9	299.2	298.55	298.6	426000
1493965443	297.9	298.75	297	298.65	759700
1493965744	297.75	298	297.6	298	599000
1493966046	297.75	297.75	297.3	297.7	569900
1493966340	297.7	297.8	297.45	297.7	258000
1493966648	297.55	297.75	297.3	297.75	327000
1493966940	297.4	297.65	297.35	297.5	348800
1493967240	296.8	297.5	295.8	297.45	662600
1493967540	296.5	296.9	296.5	296.75	320800
1493967840	297.25	297.6	296.55	296.55	339200
1493968140	297.8	297.9	297.3	297.35	203300
1493968440	298.55	298.75	297.8	297.9	460700
1493968742	298.15	298.7	298.1	298.35	129700
1493969041	298.95	299.25	298.35	298.5	328900
1493969340	298	298.85	297.7	298.8	323700
1493969640	298.7	298.75	297.9	298	277000
1493969941	298.1	298.8	298	298.65	264300
1493970241	295.6	298.1	295.6	298	796700
1493970540	296.55	296.7	294.5	295.75	1093400
1493970840	296.2	297	295.8	296.45	541900
1493971140	296.8	297	295.9	296.3	622000
1493971440	296.6	297.35	296.6	296.7	519700
1493971740	296.5	296.8	295.65	296.7	627300
1493972099	296.85	296.9	296.2	296.55	390900
1493972340	298.25	298.4	296.7	296.9	538000
1493972699	297.7	298.2	297.6	298.2	259400
1493972942	298.1	298.35	297.65	297.65	378000
1493973240	300.35	300.85	297.9	298.05	1362000
1493973542	300.85	301.7	299.45	300.3	1619100
1493973840	300.3	301.1	299.8	300.8	838300
1493974141	300.75	300.9	300	300.4	644400
1493974440	299.6	300.9	299.5	300.85	527200
1493974740	300.1	300.45	298.65	299.55	834600
1493975040	300.45	300.65	299.7	300.25	511000
1493975341	300.15	300.7	299.9	300.4	478000
1493975640	300.15	300.5	299.85	300.2	293400
1493975940	300	300.25	299.7	300.25	387700
1493976240	300	300.2	299.85	300.05	310800
1493976540	300.4	300.4	300	300.1	404100
1493976899	299.7	300.5	299.7	300.3	459700
1493977140	299	299.95	298.9	299.75	660800
1493977443	298.15	299.1	297.8	298.9	692400
1493977799	297.8	298.8	297.75	298.1	847000
1493978042	297.75	298	297.4	297.85	385200
1493978342	297.45	298	297.05	297.9	343300
1493978400	298	298	298	298	2400
1494215340	304	304	300.35	301.55	0
1494215640	303.9	304.3	302.05	303.95	1314700
1494215941	303.6	304.75	303.45	303.75	970200
1494216241	302.85	303.7	302.55	303.65	503000
1494216540	303.6	303.6	302.85	302.9	375200
1494216848	304.25	304.3	303.1	303.55	480900
1494217199	304.1	304.4	304	304.2	431600
1494217440	304	304.25	304	304.05	275400
1494217741	304.5	305	304	304.05	831200
1494218040	304.5	305	304.15	304.4	392400
1494218340	305.55	305.85	304.2	304.45	618400
1494218640	305.7	306.3	305.35	305.75	584500
1494218940	305.55	306	305.45	305.75	1243700
1494219242	304.85	305.65	304.55	305.6	231300
1494219599	305.7	305.75	304.65	304.65	187400
1494219840	305.85	305.9	305.55	305.6	117300
1494220140	305.7	305.85	305.4	305.8	119400
1494220440	305.9	306	305.6	305.75	142500
1494220744	306.8	307	305.8	305.85	756800
1494221042	306.8	307.4	306.65	306.7	1118400
1494221340	307.25	307.35	306.35	306.7	305500
1494221640	307.15	308.1	307.1	307.3	830900
1494221940	307.85	308.1	307.15	307.2	359000
1494222240	307.85	307.95	307.5	307.8	246900
1494222540	307.35	308	307.25	307.9	210600
1494222840	306.7	307.4	306.6	307.4	294700
1494223140	306.25	307	306.25	306.85	153600
1494223440	306.4	306.8	306.3	306.3	167500
1494223743	306.8	306.8	306.1	306.5	210100
1494224044	306.55	307	306.4	306.75	169500
1494224340	306.9	307	306.55	306.65	118300
1494224640	306.85	307	306.75	306.85	131500
1494224942	307	307	306.55	306.9	152500
1494225242	306.6	307	306.4	306.95	189600
1494225540	306.6	306.95	306.45	306.5	172700
1494225843	306.7	306.9	306.4	306.55	172300
1494226144	306.25	306.8	306.05	306.75	204000
1494226441	306.65	306.75	305.8	306.1	297600
1494226741	306.5	306.75	306.4	306.7	131300
1494227040	306.55	306.65	306.2	306.45	135900
1494227343	306.2	306.65	305.9	306.6	169500
1494227642	306.3	306.55	306.2	306.35	143200
1494227940	306.4	306.6	306.1	306.1	132500
1494228240	306.8	307	306.4	306.4	214400
1494228542	306.75	306.85	306.45	306.75	169200
1494228840	306.55	306.75	306.25	306.4	112300
1494229140	306.45	306.8	306.4	306.6	112300
1494229442	305.95	306.65	305.8	306.5	227600
1494229741	305.95	306.55	305.2	306	338900
1494230041	305.9	306	305.75	306	129900
1494230343	306	306.35	305.8	305.95	148600
1494230643	306.3	306.35	306	306.05	104100
1494230941	306.55	306.8	306.3	306.35	170400
1494231240	306.6	306.85	306.35	306.7	215600
1494231541	306.4	306.9	306.2	306.7	196000
1494231843	306.35	306.7	306.35	306.5	157200
1494232140	306.4	306.5	306	306.4	208300
1494232440	306.15	306.6	306	306.45	212600
1494232742	306.35	306.5	306	306.25	178000
1494233041	305.9	306.5	305.8	306.4	234300
1494233340	305.85	306.2	305.7	305.85	246400
1494233640	305.35	305.95	305.25	305.95	372900
1494233942	305	305.7	304.65	305.3	604400
1494234240	304.9	305.45	304.85	305.1	360100
1494234540	305	305.25	304.9	305	241600
1494234840	304.9	305.2	304.7	305.1	359600
1494235140	304.8	305	304.75	304.95	168800
1494235441	304.15	304.85	303.85	304.85	580000
1494235742	304	304.45	303.9	304.2	284400
1494236040	303.1	304.25	303.1	303.95	677100
1494236340	303.35	303.7	303	303.15	563700
1494236699	303.45	303.65	302.7	303.4	543000
1494236940	303.15	303.75	302.8	303.5	739100
1494237240	302.9	303.5	302.75	303.1	445100
1494237540	302	302.9	301.55	302.75	1070500
1494237600	302.05	302.05	302.05	302.05	0
1494301740	303.05	304.65	302.65	304.45	0
1494302042	303.6	303.95	303.05	303.15	230300
1494302342	303.3	303.65	303.05	303.5	190500
1494302641	302.15	303.5	302.05	303.25	294500
1494302941	300.15	302.25	299	302.25	650900
1494303240	300.25	300.9	299.95	300.1	301200
1494303540	299.25	300.4	298.55	300.3	555200
1494303842	299.9	300.3	299.1	299.3	267900
1494304143	299.85	300.1	299.25	299.95	183200
1494304440	299.5	300	299.15	299.8	136000
1494304743	298.85	299.45	298.5	299.35	283600
1494305040	299.2	299.5	298.85	298.9	205300
1494305340	299.9	300	299.2	299.25	184700
1494305641	299.5	300.15	299.25	299.8	118400
1494305940	299.35	299.75	299.25	299.45	92700
1494306241	299.15	299.4	299.05	299.4	107100
1494306540	299.25	299.4	299	299.2	113700
1494306898	299.1	299.5	299.05	299.3	112700
1494307149	299	299.25	298.8	299.05	79000
1494307440	299.15	299.25	298.85	298.95	73900
1494307743	299.1	299.35	298.95	299.2	108600
1494308041	299.5	299.6	299.05	299.15	79800
1494308399	299.55	299.8	299.3	299.6	119500
1494308646	299.85	299.85	299.3	299.5	93700
1494308941	300.2	300.6	299.25	299.8	299300
1494309242	300.2	300.35	299.75	300.15	164500
1494309546	300	300.2	299.7	300.15	88500
1494309841	300.3	300.5	299.95	299.95	96700
1494310141	300.25	300.65	300.1	300.25	126700
1494310449	299.6	300.3	299.45	300.3	116200
1494310741	299.7	300.05	299.55	299.65	50800
1494311040	299.85	300.1	299.6	299.65	68500
1494311340	299.95	300.15	299.8	299.8	95900
1494311647	300.15	300.35	299.9	299.9	57300
1494311940	300.2	300.3	300.1	300.1	37600
1494312241	300.4	300.75	300.1	300.25	114000
1494312540	300.4	300.6	300.15	300.15	53300
1494312842	300.25	300.4	300.1	300.35	40900
1494313199	300.1	300.35	299.8	300.2	135900
1494313440	300.35	300.4	300	300	56000
1494313740	300.5	300.5	300	300.4	67100
1494314041	300.6	300.75	300.2	300.45	72200
1494314340	300.5	300.65	300.3	300.55	99100
1494314647	300.75	300.75	300.35	300.45	91000
1494314953	300.7	300.75	300.5	300.7	49900
1494315240	300.5	300.75	300.4	300.7	56300
1494315550	300.6	300.6	300.3	300.45	56600
1494315842	301.6	302	300.45	300.55	440100
1494316140	301.4	301.7	301.15	301.7	136400
1494316440	301.35	301.5	301.15	301.45	49700
1494316740	301.2	301.35	300.6	301.3	108900
1494317041	301.35	301.45	301.05	301.05	62700
1494317399	301.2	301.5	301.1	301.3	124800
1494317642	301.3	301.5	301.1	301.25	42600
1494317946	300.75	301.45	300.6	301.35	71400
1494318240	300.3	301	300.25	300.8	88200
1494318540	301.1	301.15	300.15	300.35	132400
1494318842	301.15	301.25	300.85	301.2	97900
1494319142	302.05	302.15	300.9	300.9	402900
1494319440	301.9	302.05	301.5	302	166300
1494319742	302.35	302.6	301.8	301.8	227100
1494320044	304	304.15	302.35	302.4	712700
1494320342	302.75	304	302.1	303.95	575800
1494320642	302.25	302.85	301.8	302.65	254400
1494320940	302.45	302.45	301.8	302.3	172700
1494321240	302.3	302.6	301.75	302.5	115200
1494321542	301.5	302.15	301.4	302.1	212900
1494321840	301.25	301.65	300.9	301.55	295300
1494322142	301.2	301.4	301.1	301.15	89800
1494322499	301.4	301.45	301	301.25	123500
1494322740	301.35	301.65	301	301.35	176500
1494323040	300.95	301.5	300.8	301.3	223500
1494323341	300.75	301.2	300.5	300.9	310100
1494323640	300.2	300.85	299.85	300.8	694100
1494323943	300.65	301	300.1	300.3	356800
1494324000	300.6	300.6	300.6	300.6	1000
1494388140	300.7	301.45	300.2	301.45	0
1494388441	300.3	301.55	299.8	300.65	346000
1494388740	300	300.5	299.75	300.35	280100
1494389043	299.9	300.2	299.75	300.05	124700
1494389397	300.05	300.1	299.8	299.85	94500
1494389699	299.6	300.25	299.5	299.95	85000
1494389941	300	300.15	299.4	299.55	93400
1494390240	300.85	301.15	300.1	300.1	207100
1494390543	300.85	301.4	300.65	300.75	224200
1494390853	301.1	301.5	300.8	300.8	270500
1494391141	300.4	301.1	300.2	301.05	90900
1494391441	300.1	300.5	299.9	300.45	109200
1494391758	299.9	300.25	299.9	300	91200
1494392042	299.65	299.95	299.55	299.85	78700
1494392342	299.2	299.8	299.05	299.6	207200
1494392641	299.5	299.6	299.1	299.15	92600
1494392940	299.65	299.75	299.45	299.45	72800
1494393242	299.35	299.6	299.2	299.55	71500
1494393541	299.1	299.4	298.2	299.4	264000
1494393845	299.3	299.85	298.8	299.05	159700
1494394142	299.6	299.65	299.15	299.25	100000
1494394454	300.05	300.55	299.5	299.65	507300
1494394742	300.05	300.2	299.9	300	260400
1494395040	300	300.15	300	300	127400
1494395344	300	300.1	300	300.05	171000
1494395648	300.25	300.3	300	300.05	84600
1494395941	300	300.25	300	300.2	52600
1494396240	300	300.1	300	300.05	195900
1494396541	300.15	300.35	300	300.05	214200
1494396841	300.5	300.5	300	300.1	177600
1494397140	301	301.25	300.3	300.4	336200
1494397440	301.45	301.45	300.9	301	224700
1494397741	302.25	302.3	301.25	301.35	567800
1494398040	301.65	302.2	301.6	302.15	251900
1494398340	302	302.15	301.55	301.6	301400
1494398640	302.25	302.65	302	302.05	308900
1494398942	302	302.25	302	302.2	287800
1494399244	302.2	302.2	302	302.05	183300
1494399540	301.5	302.2	301.5	302.1	303500
1494399840	300.6	301.8	300.15	301.65	285400
1494400144	300.95	301	300.15	300.65	156400
1494400440	300.95	301	300.6	301	132900
1494400740	300.9	301.1	300.75	301	84200
1494401049	301.1	301.35	300.7	300.9	93900
1494401342	301.15	301.25	301	301.15	89200
1494401657	300.7	301.05	300.55	301	69000
1494401941	301.2	301.4	300.55	300.55	83800
1494402240	301.15	301.65	301	301	182900
1494402541	301.15	301.35	301.05	301.1	58400
1494402843	301.2	301.3	301.1	301.1	51700
1494403141	301.05	301.2	300.7	301.15	86100
1494403441	300.4	301.15	300.3	301	114600
1494403742	300.5	300.7	300.1	300.2	157100
1494404042	300.1	300.55	300	300.55	204300
1494404340	299.8	300.15	299.35	300.15	273200
1494404645	299.9	300.1	299.7	299.7	87000
1494404940	299.65	300	299.5	299.85	67200
1494405241	299.7	299.95	299.6	299.6	76700
1494405540	299.25	299.9	299.25	299.65	91000
1494405841	299.2	299.5	298.75	299.3	182900
1494406140	299.05	299.5	298.8	299.15	90300
1494406440	299	299.4	298.7	299	135900
1494406742	299.3	299.45	298.85	298.9	109700
1494407098	299.2	299.4	299.1	299.4	81400
1494407340	299	299.25	298.8	299.25	94400
1494407640	298.15	299	297.65	298.9	296300
1494407942	298.55	298.7	298.05	298.05	127500
1494408240	298.15	299.15	297.4	298.65	479500
1494408542	298.1	298.5	297.8	298.2	159500
1494408841	298.85	298.95	297.95	298	172600
1494409142	298.3	298.9	298.3	298.9	145600
1494409444	298.7	298.7	298	298.25	253000
1494409740	298.95	299.25	298.2	298.65	313000
1494410040	298.95	299	298.3	298.9	279400
1494410341	298.9	299.25	298.8	298.8	259000
1494410400	298.65	298.65	298.65	298.65	0
1494474540	300.05	301	300	301	479400
1494474842	300.05	300.2	299.7	300	189700
1494475144	300.45	300.75	299.9	300.1	136200
1494475443	300.35	300.55	300	300.4	89300
1494475741	299.85	300.4	299.8	300.4	70600
1494476040	299.7	300	299.55	299.8	73800
1494476341	299.75	300	299.75	299.75	76500
1494476643	300.3	300.35	299.75	299.8	135400
1494476944	300.15	300.35	299.9	300.25	83700
1494477241	300	300.2	299.8	300.05	52500
1494477543	299.65	300	299.6	299.95	53300
1494477843	300	300.25	299.65	299.75	71600
1494478142	300.15	300.2	299.9	299.95	52000
1494478442	299.95	300.3	299.8	300.1	105500
1494478742	300.05	300.25	299.9	299.9	52700
1494479040	300.25	300.3	300.05	300.1	64900
1494479340	300.55	300.7	300.15	300.2	122900
1494479641	300.4	300.5	300.3	300.5	58500
1494479999	300.45	300.5	300.15	300.5	78300
1494480244	300.25	300.5	300	300.5	148600
1494480599	300.9	301.15	300	300.1	317700
1494480841	301.1	301.3	300.7	300.85	123700
1494481144	301.3	301.3	300.95	301.05	102100
1494481498	301.05	301.25	300.95	301.25	117700
1494481742	301.1	301.15	300.95	301	90200
1494482040	300.95	301.15	300.5	301.15	144100
1494482341	301	301.1	300.95	301	53100
1494482641	301.55	301.7	300.75	300.95	215200
1494482940	302	302	301.5	301.5	320700
1494483241	301.85	302.15	301.5	301.95	216100
1494483543	302.1	302.2	301.85	301.9	115800
1494483841	301.85	302.1	301.6	302.1	104600
1494484140	301.9	302	301.65	301.85	108700
1494484441	301.9	302	301.75	301.85	104000
1494484742	301.95	302	301.75	301.85	108400
1494485040	301.6	301.95	301.5	301.9	62600
1494485399	301.45	301.85	301.35	301.65	36900
1494485646	301.25	301.75	301.15	301.55	70400
1494485941	300.8	301.3	300.8	301.3	110100
1494486244	301.9	301.95	301	301.05	88900
1494486541	301.9	301.95	301.45	301.95	65000
1494486899	301.85	301.95	301.5	301.85	66100
1494487140	302.15	302.2	301.7	301.8	117700
1494487441	302.15	302.5	302.05	302.15	164900
1494487798	301.75	302.45	301.65	302.3	95500
1494488096	301.65	301.8	301.55	301.75	46600
1494488340	301.35	301.7	301.35	301.6	91200
1494488644	301.3	301.5	301	301.3	129200
1494488943	301.35	301.45	300.75	301.2	140900
1494489299	300.6	301.45	300.5	301.45	122300
1494489597	301.25	301.4	300.5	300.7	132400
1494489841	300.85	301.25	300.75	301.2	84500
1494490141	301.15	301.5	300.75	300.95	90000
1494490441	301.3	301.5	300.8	301.3	152400
1494490741	300.9	301.45	300.85	301.35	77000
1494491044	301.15	301.3	300.8	301	65100
1494491341	300.95	301.25	300.95	301.25	46800
1494491642	300.75	301.05	300.65	301.05	119200
1494491942	301.3	301.35	300.6	300.7	89500
1494492299	300.95	301.35	300.8	301.35	72900
1494492540	301.1	301.2	300.8	300.9	54600
1494492842	301.3	301.35	301.05	301.15	54800
1494493147	301.4	301.45	301.25	301.25	67500
1494493442	301.2	301.4	301.1	301.3	72000
1494493740	301.15	301.35	301	301.1	57900
1494494041	301.35	301.4	301	301.2	96600
1494494341	301.15	301.45	300.9	301.25	66600
1494494640	301.3	301.45	301.05	301.05	96400
1494494941	301.05	301.4	300.95	301.25	93800
1494495241	300.5	301.15	300.2	300.95	503400
1494495541	300	300.5	299.8	300.45	351400
1494495842	300.25	300.3	299.9	300.05	215500
1494496146	300.15	300.5	300	300.3	323200
1494496499	299.8	300.45	299.7	300.2	270200
1494496743	299.55	300.1	299.55	299.85	221200
1494496800	299.95	299.95	299.95	299.95	0
1494560943	299.5	300.15	298.25	300.1	0
1494561242	299.55	300.55	299.3	299.7	225500
1494561544	299.3	299.8	298.9	299.5	183500
1494561841	298.3	299.45	298.05	299.35	204500
1494562142	298.3	298.5	297.4	298.2	205300
1494562441	298.25	298.9	298.05	298.45	131500
1494562740	297.7	298.25	297.15	298.2	221600
1494563040	296.3	297.8	295.45	297.65	470600
1494563340	296.35	296.45	295.15	296.25	286600
1494563643	296.7	297.1	296.3	296.3	280100
1494563940	296.85	297	296.5	296.8	76100
1494564240	297.15	297.35	296.8	296.8	95200
1494564546	296.7	297.2	296.5	297.2	95900
1494564841	296.75	297	296.5	296.65	107200
1494565142	296.5	296.9	296.5	296.9	61100
1494565443	295.85	296.55	295.4	296.55	356200
1494565741	295.45	296	295.3	295.75	185000
1494566041	295.55	295.7	295.45	295.5	106100
1494566399	295.8	295.85	295.5	295.5	118600
1494566645	296.6	296.6	295.75	295.75	92500
1494566940	296	296.55	295.7	296.55	105800
1494567243	296.15	296.55	296	296.05	107900
1494567543	296.5	296.5	296.1	296.2	55300
1494567842	296.75	296.8	296.25	296.4	81100
1494568144	296.8	296.95	296.5	296.8	95900
1494568499	296.7	296.9	296.45	296.75	105200
1494568741	296.65	296.8	296.6	296.65	82800
1494569040	296.8	296.8	296.45	296.6	72400
1494569340	297	297.15	296.7	296.8	148300
1494569644	297.35	297.45	296.95	296.95	114100
1494569942	297.45	297.45	297.1	297.4	128500
1494570241	297.5	297.5	297.2	297.4	126800
1494570540	297.95	298.3	297.5	297.5	320700
1494570840	298.05	298.2	297.85	298	323300
1494571140	297.15	298.2	296.6	298	251100
1494571443	297.1	297.65	296.75	297.1	265100
1494571740	298	298.1	297.1	297.15	205200
1494572099	298	298.15	297.75	298.05	107000
1494572344	297.55	298	297.5	297.95	133800
1494572640	297.45	297.6	297.35	297.6	89000
1494572943	297.55	297.55	297.1	297.4	72700
1494573240	297.45	297.6	297.4	297.5	61400
1494573541	297.25	297.35	297.15	297.35	92700
1494573841	297.4	297.5	297.25	297.3	112100
1494574142	297.55	297.95	297.35	297.35	113600
1494574441	297.6	297.6	297.35	297.6	67200
1494574743	297.55	298	297.5	297.55	212900
1494575040	297.65	297.7	297.5	297.5	41700
1494575340	297.4	297.65	297.1	297.6	179300
1494575643	297.8	297.8	297.35	297.5	46500
1494575941	297.55	297.9	297.5	297.75	75000
1494576241	298.05	298.05	297.5	297.5	102000
1494576540	297.75	298.05	297.6	298	108600
1494576843	297.8	297.85	297.6	297.8	111100
1494577140	297.95	298.1	297.75	297.75	147600
1494577440	298.15	298.15	297.95	298	78300
1494577740	294.7	298.25	293.6	298.1	1580300
1494578040	295.8	296.1	294.5	294.6	753000
1494578342	295	296.15	294.85	295.85	364200
1494578640	295.5	295.95	294.95	294.95	366900
1494578940	295.85	295.85	295.2	295.4	121900
1494579243	296.25	296.4	295.7	295.7	132000
1494579540	296.5	296.65	296	296.15	190400
1494579841	295.85	296.55	295.7	296.4	178300
1494580141	295.6	295.8	294.8	295.8	200500
1494580499	295.3	295.55	294.9	295.55	229000
1494580743	295.05	295.35	294.5	295.35	205900
1494581098	296	296.35	295.1	295.1	243300
1494581343	296.05	296.1	295.6	295.9	162200
1494581641	296.5	296.7	296	296	278600
1494581998	296.75	297	296.35	296.45	319100
1494582242	296.4	297.05	296.15	296.8	277800
1494582542	296.4	296.7	296.25	296.45	526500
1494582842	296.7	296.85	296.3	296.35	307800
1494583140	296.6	297	296.6	296.8	167800
1494820140	301.85	302.15	298.2	299.55	0
1494820441	301.75	302.25	301.15	302.05	641300
1494820740	303.05	303.5	301.65	301.65	889200
1494821043	302	303.4	301.8	303.15	354700
1494821340	301.8	302.5	301.65	301.9	195100
1494821642	301.45	301.9	301.1	301.9	199100
1494821940	302	302.1	301.35	301.5	365400
1494822243	302.25	302.6	301.95	301.95	190900
1494822597	301.65	302.3	301.4	302.3	218300
1494822842	301.6	301.85	301.5	301.7	107600
1494823144	301.8	301.9	301.5	301.65	144500
1494823440	302.25	302.4	301.8	301.85	195800
1494823745	302.05	302.2	301.85	302.15	91700
1494824098	302.05	302.2	301.8	302	107300
1494824341	302.1	302.3	301.75	302.1	150000
1494824641	301.35	302.3	300.5	302.15	840900
1494824943	302	302.05	301.25	301.4	154700
1494825240	302.1	302.2	302	302.05	212500
1494825599	302.15	302.2	301.95	302.05	187400
1494825840	301.85	302.15	301.8	302.1	68000
1494826146	301.95	302.15	301.8	301.8	71100
1494826440	301.45	301.95	301.4	301.9	105200
1494826746	301.6	301.85	301.1	301.35	122500
1494827044	301.7	301.8	301.55	301.55	39500
1494827343	301.7	301.75	301.65	301.75	67500
1494827640	302	302	301.6	301.65	74300
1494827949	301.85	302.1	301.8	301.95	136700
1494828240	301.95	302.1	301.9	301.9	68900
1494828541	302.2	302.2	301.85	301.95	73800
1494828843	302.1	302.25	301.7	302.15	113000
1494829144	301.85	302.2	301.8	302.05	92500
1494829441	302.1	302.25	301.8	301.9	75000
1494829745	302.1	302.2	302	302.05	90800
1494830041	302.7	302.8	302.05	302.05	278500
1494830222	302.5	302.65	302.2	302.65	180400
1494830340	302.1	302.65	302.1	302.65	293100
1494830640	302.5	302.55	302	302.15	108900
1494830941	302.2	302.5	302	302.45	110900
1494831242	302.35	302.5	302.1	302.15	76500
1494831544	302.2	302.35	302.1	302.3	86600
1494831847	302.4	302.5	302.25	302.25	99200
1494832141	302.35	302.45	302.3	302.45	94700
1494832440	303	303.3	302.3	302.3	357500
1494832798	302.45	302.8	302.3	302.6	101200
1494833041	301.75	302.45	301.65	302.45	336400
1494833342	301.95	302.4	301.8	301.85	176800
1494833699	302.2	302.2	301.8	301.9	138200
1494833940	302.1	302.2	302	302.15	68100
1494834241	301.9	302.1	301.8	302.05	83700
1494834540	301.6	302.15	301.6	302	132200
1494834840	302.05	302.1	301.4	301.55	176800
1494835141	302.1	302.2	302	302	169500
1494835446	302	302.25	301.75	302.05	183200
1494835746	301.95	302.05	301.75	301.95	47800
1494836043	302.05	302.2	301.9	301.9	104200
1494836340	302.1	302.25	302	302.1	47400
1494836640	302.2	302.25	302	302.05	44400
1494836941	302.25	302.25	302.05	302.25	67400
1494837247	302.45	302.45	302.15	302.2	62700
1494837541	302.75	302.85	302.35	302.4	179700
1494837841	302.5	302.8	302.35	302.7	121100
1494838141	302.4	302.6	302.15	302.45	155000
1494838440	302.55	302.6	302.2	302.35	106500
1494838740	302.3	302.65	302.05	302.5	101000
1494839099	302.25	302.7	302.25	302.35	168300
1494839343	302.35	302.45	302.2	302.3	119300
1494839641	302.25	302.4	302	302.3	180800
1494839943	302.25	302.3	301.95	302.3	223400
1494840240	302.4	302.45	302.1	302.15	78900
1494840543	302.55	302.6	302.3	302.45	193300
1494840841	302.5	302.55	302.3	302.5	199700
1494841199	302.4	302.55	302.25	302.45	334200
1494841441	302.1	302.5	301.9	302.35	423100
1494841740	301.9	302.75	301.9	302.25	793900
1494842041	301	302.1	300.85	301.85	988500
1494842340	301.2	301.7	300.9	300.95	405200
1494842400	301.8	301.8	301.8	301.8	0
