1490759347,1435.6000,1437.6000,1428.3500,1434.9500,900
1490759683,1434.3000,1435.7000,1431.8000,1434.0000,900
1490759995,1444.9500,1446.0000,1435.6000,1435.6000,3000
1490760245,1447.0000,1450.0000,1444.0000,1444.0000,4600
1490760576,1447.9000,1449.9000,1446.9500,1446.9500,3400
1490760859,1455.0000,1457.0000,1444.3000,1444.3000,72100
1490761199,1467.0000,1469.9500,1450.0000,1455.0500,15800
1490761440,1459.3500,1466.8500,1456.1000,1465.6000,7400
1490761746,1460.0000,1465.0000,1455.0000,1458.6500,9800
1490762042,1454.1000,1460.0000,1451.0500,1459.0000,6300
1490762397,1455.0000,1464.8000,1453.0000,1455.0000,8300
1490762643,1449.9500,1456.0000,1448.0000,1454.3000,5400
1490762944,1448.5500,1450.8000,1448.0000,1449.8000,3400
1490763249,1448.2000,1450.0000,1446.1000,1448.6000,3400
1490763560,1445.0000,1449.9000,1445.0000,1448.3500,2200
1490763847,1443.8500,1446.1000,1436.2000,1446.1000,7200
1490764156,1444.0500,1446.4500,1440.5500,1443.0000,2300
1490764453,1447.0000,1447.9500,1444.0000,1444.0000,1400
1490764758,1448.5500,1450.0000,1445.3500,1446.0000,1900
1490765052,1444.6000,1449.9000,1444.6000,1449.5000,1800
1490765346,1446.5000,1447.4000,1444.6500,1445.7000,600
1490765698,1446.4000,1449.8000,1445.2500,1447.9000,200
1490765991,1448.0000,1450.0000,1446.4000,1446.4500,600
1490766256,1449.1500,1450.0000,1448.1500,1448.1500,900
1490766548,1449.3500,1450.0000,1449.0000,1449.9500,900
1490766863,1449.0000,1450.0000,1449.0000,1449.5000,2500
1490767194,1444.0000,1448.5000,1444.0000,1448.5000,1300
1490767446,1444.0500,1445.0000,1441.1000,1443.0500,1100
1490767740,1443.5000,1444.5000,1443.2500,1443.2500,500
1490768096,1443.0000,1444.0500,1443.0000,1443.5500,200
1490768342,1445.0000,1446.3500,1441.7500,1442.0000,900
1490768641,1442.0000,1446.9500,1441.0000,1445.9500,3400
1490768944,1440.0000,1442.7500,1438.1000,1442.4000,3100
1490769253,1441.1000,1446.0000,1438.8000,1439.8500,2700
1490769546,1439.7500,1441.4500,1436.7000,1441.1500,49300
1490769853,1439.0500,1439.9500,1438.0000,1438.3000,1000
1490770142,1439.9500,1439.9500,1439.1000,1439.9000,200
1490770457,1439.3000,1439.9500,1439.2000,1439.2000,100
1490770751,1439.0500,1439.9500,1439.0500,1439.9500,100
1490771057,1438.0000,1439.7500,1437.5500,1438.4000,700
1490771282,1439.6000,1439.8500,1438.0500,1438.0500,500
1490771464,1439.6000,1439.9000,1439.6000,1439.8500,200
1490771940,1439.0500,1440.0000,1439.0000,1439.9500,600
1490772242,1439.1000,1440.0000,1438.1500,1440.0000,300
1490772548,1438.3000,1438.9500,1438.3000,1438.4000,100
1490772872,1438.9500,1439.1500,1438.9500,1438.9500,400
1490773154,1437.0000,1439.7000,1437.0000,1438.1000,2000
1490773494,1432.3000,1436.6500,1431.0000,1436.6500,4000
1490773795,1435.6500,1436.0000,1432.2500,1432.3500,300
1490774059,1432.5000,1435.7500,1432.5000,1435.0000,600
1490774340,1430.0000,1433.3500,1426.0000,1433.3500,2900
1490774698,1428.0000,1432.7000,1426.1500,1428.6500,1400
1490774950,1428.5000,1430.5500,1428.1000,1428.1000,600
1490775286,1428.2500,1433.0000,1428.2500,1428.9500,1400
1490775541,1430.0000,1431.0000,1428.5000,1428.6000,300
1490775846,1431.8500,1432.0000,1429.2000,1429.2500,500
1490776168,1431.0000,1433.0000,1430.0000,1431.1000,1200
1490776441,1432.3500,1434.0000,1431.0000,1432.2000,400
1490776799,1433.7500,1435.7500,1432.3000,1432.9500,400
1490776981,1433.0000,1437.0000,1433.0000,1433.5500,400
1490777345,1433.0000,1434.0000,1433.0000,1433.0500,100
1490777653,1428.7500,1432.1000,1428.6000,1432.1000,700
1490777982,1430.0000,1430.7500,1428.6000,1430.5500,500
1490778249,1426.0000,1430.0000,1426.0000,1428.8000,900
1490778544,1419.0000,1426.8000,1415.1000,1426.3000,4600
1490778843,1420.0000,1421.3000,1416.6000,1419.3000,2400
1490779188,1426.0000,1428.5000,1420.0000,1420.6500,1900
1490779460,1424.4500,1429.9500,1422.0000,1424.9500,1500
1490779766,1425.0500,1426.0500,1423.0000,1423.2500,1200
1490780049,1429.8000,1429.8000,1425.0000,1425.9500,600
1490780341,1425.1500,1429.7000,1425.0500,1429.7000,900
1490780699,1420.9500,1425.4500,1415.2000,1422.0000,4000
1490780947,1416.2500,1422.0000,1415.0000,1421.0000,5200
1490781287,1416.5000,1417.8000,1415.0000,1417.5000,3900
1490781546,1415.0500,1420.0000,1415.0000,1416.9500,4400
1490845743,1427.0000,1432.0000,1421.0000,1432.0000,0
1490846083,1427.6000,1432.0000,1425.0000,1429.4500,1200
1490846386,1426.8000,1428.6000,1425.4000,1428.6000,400
1490846688,1426.8000,1426.8000,1426.4000,1426.4000,300
1490846974,1420.3500,1426.8000,1418.2000,1426.4000,1200
1490847246,1420.5000,1422.2500,1417.7500,1420.9500,1300
1490847597,1421.0000,1422.0000,1417.8000,1417.8000,900
1490847842,1426.0000,1430.0000,1419.7000,1419.7000,1800
1490848186,1427.0000,1429.4000,1424.3000,1424.3000,700
1490848443,1430.0000,1440.9500,1427.3000,1427.3000,5700
1490848749,1430.0000,1431.3000,1427.0000,1430.1000,900
1490849099,1417.3000,1430.0000,1417.3000,1428.6000,3800
1490849394,1424.0000,1427.6500,1417.2000,1417.2000,1100
1490849693,1422.3000,1425.6500,1422.3000,1425.6500,700
1490849975,1425.4000,1425.4000,1421.3000,1421.7000,300
1490850215,1425.0000,1425.0500,1422.9000,1423.2000,100
1490850599,1422.4500,1427.0000,1422.0000,1425.3000,500
1490850860,1424.0000,1425.6500,1422.3000,1422.3000,100
1490851151,1424.2000,1425.8000,1424.0000,1424.8500,100
1490851498,1424.8000,1425.6500,1422.0000,1425.6500,300
1490851796,1424.4000,1425.4500,1423.2500,1424.5000,200
1490852043,1426.2000,1428.9000,1424.0500,1424.9500,200
1490852358,1426.2000,1429.0000,1426.2000,1427.0000,200
1490852666,1426.0000,1428.8500,1426.0000,1426.0000,0
1490852939,1426.6500,1428.8500,1425.7500,1426.3000,100
1490853252,1425.1500,1428.0000,1424.9000,1426.6000,100
1490853554,1425.6000,1426.8000,1425.0500,1425.0500,100
1490853858,1425.8000,1427.1000,1425.6000,1426.9500,0
1490854179,1425.5000,1427.0000,1424.6500,1427.0000,0
1490854461,1426.0500,1426.8000,1425.5500,1425.9500,0
1490854682,1426.3000,1430.0000,1426.1000,1430.0000,500
1490855043,1426.5500,1427.7500,1426.3500,1426.3500,100
1490855306,1426.0000,1427.0000,1426.0000,1427.0000,0
1490855643,1425.6500,1427.0000,1424.6500,1426.3000,500
1490855953,1423.4000,1425.0000,1421.0500,1424.6500,200
1490856242,1422.0000,1424.3500,1420.9500,1424.3500,500
1490856550,1420.1000,1422.8500,1420.0000,1422.8500,300
1490856891,1419.8000,1421.7500,1419.7000,1421.6000,300
1490857140,1418.0000,1420.0000,1417.0000,1419.7000,1800
1490857497,1415.8000,1418.6500,1415.0000,1418.6500,1800
1490857749,1416.1000,1416.1000,1415.0000,1415.0500,700
1490858045,1415.7500,1416.9500,1415.7500,1416.1500,300
1490858344,1417.0500,1417.2000,1415.4000,1416.6000,200
1490858699,1416.9500,1418.9500,1415.7500,1415.7500,900
1490858940,1415.0500,1418.2500,1415.0000,1416.9000,1100
1490859244,1415.8500,1416.7000,1415.0000,1416.1500,200
1490859595,1417.0500,1417.1000,1415.5000,1416.7500,1500
1490859842,1418.0000,1419.0000,1417.0000,1418.1500,1300
1490860103,1418.8000,1420.0000,1418.0000,1419.0000,1400
1490860493,1423.7000,1424.0000,1418.0000,1419.4000,600
1490860753,1420.1000,1423.7500,1420.0000,1423.7500,100
1490861097,1420.5000,1422.9500,1419.5000,1420.0500,200
1490861168,1419.7500,1420.0000,1419.7000,1420.0000,0
1490861655,1418.2000,1419.7500,1418.2000,1419.7000,300
1490861948,1418.6000,1420.0000,1418.0000,1418.0500,200
1490862248,1418.6000,1420.2000,1418.6000,1419.1000,100
1490862498,1418.8000,1419.7000,1418.8000,1419.0000,100
1490862840,1419.5000,1419.9500,1419.0000,1419.0000,100
1490863105,1419.6000,1419.9500,1419.0000,1419.9500,100
1490863446,1419.1000,1422.0000,1419.1000,1420.0000,200
1490863795,1419.1000,1420.0000,1419.1000,1420.0000,200
1490864080,1418.7500,1418.9000,1418.0000,1418.0500,100
1490864340,1418.5500,1419.6500,1416.0000,1418.3500,5700
1490864619,1418.5500,1419.3500,1418.5500,1418.9500,500
1490864957,1419.2000,1420.2000,1418.5500,1418.9500,700
1490865290,1418.7000,1420.4500,1418.5500,1419.7000,100
1490865548,1417.9500,1419.3500,1417.9500,1418.6500,1400
1490865845,1414.0500,1417.1500,1414.0000,1417.0000,10200
1490866134,1418.0000,1418.4500,1415.0000,1415.0000,1900
1490866454,1417.0500,1418.4000,1417.0000,1418.4000,1000
1490866745,1419.1500,1419.1500,1418.0000,1418.0000,500
1490867078,1418.1000,1420.2000,1418.1000,1419.3000,1100
1490867352,1419.7000,1419.7000,1413.0500,1418.0000,11600
1490867657,1419.0000,1419.6000,1418.0000,1418.0000,1400
1490867944,1422.0000,1422.0000,1418.0000,1418.0000,2900
1490932193,1425.7500,1426.0500,1422.7000,1423.4000,0
1490932498,1435.5000,1437.0000,1425.5000,1426.3500,7100
1490932747,1435.2500,1438.3000,1433.3000,1433.5000,4600
1490933053,1433.1500,1438.8000,1433.1500,1436.0000,3800
1490933344,1433.3500,1436.7000,1433.0000,1434.0000,3600
1490933696,1425.4500,1434.2000,1425.4500,1433.2000,5400
1490933959,1425.0000,1430.2500,1424.1000,1426.3000,7000
1490934256,1430.3000,1430.3000,1423.3000,1424.3000,3800
1490934598,1435.8500,1439.5000,1430.5000,1430.5000,9900
1490934841,1436.7500,1437.5000,1434.3500,1435.9500,4000
1490935198,1435.0000,1436.8000,1432.0000,1436.7000,2800
1490935440,1434.5500,1435.0000,1433.5000,1434.6500,1500
1490935753,1430.0000,1434.5500,1430.0000,1433.9500,1700
1490936043,1432.0000,1432.0000,1430.0000,1430.4000,3800
1490936340,1431.0500,1431.4000,1428.6500,1431.4000,2800
1490936641,1420.0000,1431.0000,1414.1000,1431.0000,25100
1490936944,1425.0000,1425.0000,1418.0500,1419.5000,39200
1490937247,1426.0500,1427.0000,1419.7000,1423.9000,10300
1490937592,1427.8000,1433.0000,1422.7500,1424.1500,5900
1490937840,1429.4000,1431.9000,1425.0500,1427.4500,6700
1490938144,1427.5000,1430.0000,1427.0000,1429.3500,1700
1490938448,1426.2500,1429.0000,1425.5000,1426.0000,2600
1490938794,1424.3000,1428.4000,1422.1500,1427.6500,2400
1490939067,1426.4000,1426.5000,1423.5000,1424.5000,1500
1490939393,1422.4000,1424.5000,1422.0000,1424.1500,2000
1490939642,1422.5000,1425.8500,1421.0000,1422.3500,1900
1490939999,1420.8500,1424.6500,1420.8500,1422.3500,2100
1490940249,1420.0000,1420.9000,1419.6500,1420.6000,17600
1490940553,1423.0000,1424.4500,1420.2000,1423.0000,2600
1490940898,1424.0500,1424.5000,1421.6500,1422.5000,2100
1490941141,1427.8000,1427.8000,1422.1500,1424.0000,3100
1490941444,1428.0000,1429.0000,1425.8500,1427.9500,4200
1490941741,1425.3500,1430.0000,1424.1500,1426.9000,5000
1490942043,1428.5500,1429.0000,1423.2000,1426.6000,2000
1490942340,1427.8000,1428.8000,1427.0000,1428.5000,1600
1490942642,1429.0000,1429.8000,1426.4000,1427.6000,2000
1490942955,1429.4500,1429.9500,1427.9000,1429.0000,2400
1490943249,1429.8500,1429.9500,1429.4000,1429.4000,1400
1490943561,1429.3000,1429.9000,1428.6000,1429.8000,2000
1490943852,1429.7000,1429.7000,1428.0000,1429.3500,1400
1490944142,1429.8500,1429.8500,1428.0000,1429.6500,1800
1490944468,1429.9000,1429.9000,1428.6500,1428.6500,1500
1490944768,1429.2000,1430.0000,1429.0000,1429.7000,2200
1490945043,1429.5000,1429.5000,1428.9500,1429.3500,1700
1490945398,1429.5000,1429.5000,1429.0500,1429.0500,1600
1490945616,1430.0000,1430.0000,1429.4000,1429.5000,1100
1490945968,1434.4000,1434.8500,1429.9500,1429.9500,4100
1490946243,1434.0000,1434.4500,1432.8500,1434.2000,1700
1490946598,1436.7500,1437.9500,1433.9000,1433.9000,7100
1490946840,1431.2500,1438.0000,1430.8000,1437.0000,3700
1490947153,1436.0000,1437.6000,1431.4500,1432.0000,4100
1490947453,1434.2500,1437.3000,1432.9000,1435.7000,2100
1490947744,1433.1500,1437.1000,1433.1000,1434.5000,2100
1490948040,1434.9500,1434.9500,1432.1500,1434.0000,1400
1490948348,1434.9500,1434.9500,1434.0000,1434.2000,1400
1490948657,1432.8500,1434.9500,1432.8500,1434.0500,1500
1490948959,1432.4500,1434.0000,1432.1000,1432.9000,2000
1490949240,1432.8000,1434.9500,1432.1000,1432.2500,2200
1490949556,1432.1000,1434.9000,1432.1000,1433.0000,2200
1490949840,1429.0000,1432.8500,1429.0000,1432.1500,3200
1490950198,1428.3500,1430.0000,1426.1000,1428.6500,3900
1490950459,1429.0000,1429.0000,1422.1500,1428.0000,3600
1490950755,1426.0000,1428.9000,1422.3500,1428.5000,3000
1490950981,1422.0000,1426.6500,1421.2000,1425.9500,6300
1490951398,1425.0000,1426.0000,1420.0000,1421.0000,12500
1490951666,1427.4500,1427.6500,1425.0500,1425.0500,1400
1490951995,1431.0500,1434.0000,1426.3500,1428.3000,4100
1490952251,1433.0000,1434.0000,1430.2000,1430.2000,4100
1490952589,1427.8500,1432.9000,1424.0000,1431.9500,10500
1490952896,1428.5000,1432.0000,1426.7000,1426.7000,3100
1490953140,1429.0000,1432.0000,1428.5000,1432.0000,5800
1490953441,1428.0500,1431.0000,1427.1500,1429.9500,3200
1490953756,1431.0000,1433.8500,1426.1500,1428.7500,5300
1490954040,1434.9500,1436.6000,1431.0500,1431.0500,8300
1490954351,1425.2500,1434.0000,1425.2500,1434.0000,4900
1490954400,1428.9000,1428.9000,1428.9000,1428.9000,0
1491191342,1443.9000,1447.7000,1437.0000,1437.0000,0
1491191642,1442.9500,1448.0000,1442.9500,1446.4500,4300
1491191941,1438.6500,1443.0000,1438.6500,1442.9000,3100
1491192285,1439.9000,1442.8500,1436.4000,1439.8000,4800
1491192541,1437.2500,1440.5500,1437.0000,1440.5500,500
1491192898,1435.7000,1437.9000,1435.0000,1437.9000,900
1491193154,1437.5500,1438.9000,1434.0500,1435.6500,2000
1491193496,1439.0000,1440.0000,1437.6000,1437.6000,600
1491193741,1437.9000,1439.0500,1437.6000,1439.0500,500
1491194049,1437.7500,1438.9500,1436.5500,1438.0000,400
1491194341,1435.7000,1437.4500,1435.0000,1437.4500,700
1491194681,1438.5000,1439.9000,1435.5000,1435.5000,1300
1491194941,1440.1000,1442.5000,1438.8000,1439.9500,1000
1491195241,1439.9000,1442.4000,1439.2000,1440.0500,1500
1491195541,1439.9500,1441.5500,1438.5000,1441.5500,800
1491195842,1438.8500,1441.1500,1438.4000,1440.0000,200
1491196142,1437.9000,1438.8000,1435.0000,1438.8000,900
1491196447,1435.8500,1437.5500,1432.8000,1437.5500,1500
1491196741,1433.0000,1435.7000,1432.8000,1435.7000,1500
1491197041,1436.8000,1436.9500,1432.8000,1432.9000,1100
1491197341,1435.8000,1437.4500,1433.3000,1437.4500,800
1491197641,1436.8500,1437.1000,1435.4000,1435.4000,1000
1491197993,1436.6000,1437.2500,1435.8000,1436.9500,200
1491198206,1435.9500,1436.5500,1435.7500,1436.5500,100
1491198589,1435.0500,1435.9000,1435.0500,1435.8500,200
1491198842,1435.3000,1436.4000,1435.0000,1435.1500,200
1491199141,1435.0000,1435.3500,1435.0000,1435.2500,100
1491199440,1433.9000,1435.3500,1432.5000,1435.3500,400
1491199741,1436.4000,1436.4000,1431.1500,1434.6000,1900
1491199981,1436.9500,1437.1000,1436.3000,1436.3000,200
1491200396,1436.2500,1436.8000,1436.2000,1436.4000,100
1491200641,1436.5000,1436.5500,1435.6500,1436.2500,100
1491200971,1435.8000,1436.3500,1435.4500,1436.3500,200
1491201257,1435.8500,1436.4000,1435.8000,1435.8500,200
1491201550,1435.4500,1436.4000,1435.4000,1435.9000,300
1491201884,1435.1000,1435.4500,1435.1000,1435.4000,200
1491202196,1435.0000,1436.4000,1432.0000,1435.2000,1000
1491202471,1434.7000,1435.7500,1434.0000,1434.6500,300
1491202793,1433.5500,1435.0000,1432.0000,1434.5500,1000
1491203041,1431.5000,1434.9500,1431.5000,1434.9500,1600
1491203342,1431.2000,1433.9500,1430.7000,1431.6000,1200
1491203671,1434.0000,1434.0000,1430.0000,1433.2000,1900
1491203944,1434.0000,1434.0000,1433.3000,1433.3000,200
1491204296,1433.5000,1434.0000,1433.4500,1433.4500,100
1491204595,1432.0000,1433.9000,1432.0000,1433.9000,300
1491204898,1432.8000,1432.9000,1432.1000,1432.6000,300
1491205171,1432.4500,1432.7500,1432.2000,1432.7500,300
1491205441,1435.0000,1435.6000,1432.5500,1432.5500,300
1491205741,1432.7500,1435.2000,1432.5000,1435.1500,300
1491206041,1434.9500,1434.9500,1431.7000,1432.7000,1000
1491206376,1433.4500,1435.0000,1431.5500,1434.7000,500
1491206641,1434.2000,1434.7500,1432.7000,1432.8000,200
1491206946,1434.5000,1434.7500,1433.8500,1434.0500,100
1491207248,1432.0000,1434.4500,1431.2000,1434.4500,1200
1491207542,1432.9000,1434.5000,1430.5000,1431.9500,1400
1491207841,1433.0000,1434.5000,1433.0000,1434.2500,200
1491208141,1431.5000,1433.9000,1429.8000,1433.4500,700
1491208440,1432.7000,1433.5000,1430.0500,1430.8000,500
1491208766,1432.1500,1432.4000,1432.0000,1432.0500,200
1491208981,1432.8000,1432.8500,1432.0000,1432.1000,300
1491209371,1433.8500,1433.9500,1431.8500,1432.7000,500
1491209646,1433.3000,1435.0000,1430.9000,1434.0000,800
1491209941,1434.6000,1436.0000,1433.2500,1433.2500,1400
1491210241,1433.9500,1434.4500,1433.9500,1434.4500,200
1491210596,1433.1500,1434.0000,1431.0000,1433.7000,300
1491210864,1431.0000,1433.4500,1431.0000,1432.5500,1000
1491211171,1431.2500,1433.9000,1431.2000,1432.0000,800
1491211441,1436.0000,1436.0000,1431.7000,1432.6000,1600
1491211769,1435.0000,1436.0000,1432.3500,1435.9000,1000
1491212041,1438.0000,1438.3000,1433.0000,1435.8500,2700
1491212342,1438.1000,1438.1500,1437.0000,1438.1500,1500
1491212697,1438.5000,1440.0000,1437.1500,1438.0500,2300
1491212942,1436.6000,1438.5500,1433.4000,1438.5500,2900
1491213240,1437.9500,1440.0000,1436.5500,1436.5500,4200
1491213547,1437.4500,1441.0000,1435.0000,1439.0000,4300
1491364141,1439.9500,1443.1000,1432.3500,1432.3500,0
1491364472,1437.9500,1438.7000,1437.0000,1437.0000,700
1491364756,1440.9500,1441.0000,1438.0000,1438.9000,800
1491365079,1444.0000,1444.0000,1440.8000,1441.0000,2100
1491365349,1448.0000,1448.4000,1444.0000,1444.9500,3100
1491365696,1447.4500,1448.0000,1445.0000,1447.9000,2500
1491365999,1456.7000,1456.9000,1445.7000,1446.5500,9800
1491366288,1449.4500,1456.8500,1444.9500,1456.7500,6800
1491366540,1445.2000,1449.4500,1444.7500,1449.2000,1900
1491366841,1447.0000,1447.3000,1445.8500,1445.9500,1000
1491367080,1447.7000,1448.6500,1447.4000,1447.5500,600
1491367473,1448.4500,1448.5000,1447.0500,1447.6500,300
1491367748,1448.4500,1448.6000,1447.3500,1447.4000,100
1491368046,1449.5000,1450.9500,1446.9000,1448.0500,1300
1491368340,1451.8000,1451.8000,1448.0000,1449.9000,1600
1491368679,1450.0000,1451.7000,1449.4500,1451.7000,700
1491368992,1449.3500,1450.0000,1448.9500,1449.7500,300
1491369254,1449.8000,1449.8000,1447.4000,1448.7500,100
1491369525,1448.0000,1449.0000,1447.6000,1447.6500,200
1491369856,1449.4500,1449.4500,1447.2000,1447.5500,400
1491370145,1449.9000,1449.9000,1448.4000,1448.4000,100
1491370458,1448.7000,1449.9000,1448.0000,1448.0000,300
1491370786,1449.2000,1449.9000,1447.0500,1448.1500,1000
1491371068,1447.0000,1448.9000,1446.7500,1447.4500,400
1491371341,1447.4000,1447.9500,1446.7500,1446.7500,400
1491371642,1447.6000,1447.9500,1447.3500,1447.9500,400
1491371991,1448.9500,1448.9500,1447.0000,1447.7000,1900
1491372291,1449.9000,1449.9000,1447.0000,1447.0000,100
1491372564,1449.6500,1449.9500,1448.5500,1449.9500,100
1491372848,1449.7000,1449.7000,1449.4000,1449.6000,0
1491373197,1448.9500,1449.7000,1448.1000,1449.0000,600
1491373491,1448.9500,1448.9500,1448.2000,1448.2000,300
1491373766,1449.0000,1449.0000,1448.4000,1449.0000,100
1491373995,1445.5000,1448.1500,1445.1500,1448.1500,2100
1491374395,1448.1500,1448.8500,1446.0000,1446.0000,700
1491374614,1448.8500,1448.9000,1445.0000,1447.1000,500
1491374978,1449.1500,1449.9500,1448.2000,1448.2000,300
1491375299,1450.0000,1450.0000,1449.1500,1449.4000,50700
1491375494,1450.0000,1450.0000,1449.4500,1449.9500,400
1491375866,1454.0000,1454.8500,1450.0000,1450.4000,43900
1491376144,1455.0000,1460.5000,1451.5000,1454.1500,9600
1491376440,1454.7000,1456.0000,1453.8000,1455.7000,300
1491376795,1455.9000,1456.7500,1453.0500,1453.1500,2200
1491377041,1454.6000,1455.5500,1453.6000,1455.0500,400
1491377342,1456.3000,1456.3000,1453.1000,1453.5000,1200
1491377641,1497.1000,1500.0000,1456.0000,1456.0000,25100
1491377940,1523.2000,1534.0000,1493.3500,1500.0000,59900
1491378242,1518.8500,1531.9500,1510.7000,1523.0000,25900
1491378544,1522.0000,1526.9000,1518.9500,1518.9500,8500
1491378851,1524.0000,1525.0000,1519.5500,1521.9500,7900
1491379158,1524.0000,1524.9500,1521.5000,1524.9500,3700
1491379443,1524.5000,1525.0000,1523.0000,1523.1500,4100
1491379740,1559.9500,1564.5000,1525.0000,1525.0000,54000
1491380099,1558.6500,1573.8000,1552.0000,1559.1000,41400
1491380340,1545.5500,1560.0000,1545.5000,1558.1000,12100
1491380642,1554.9000,1559.5500,1545.5000,1545.7500,11600
1491380943,1550.0000,1555.0000,1548.3000,1554.8000,7100
1491381244,1553.0000,1554.0000,1550.5500,1551.0000,5500
1491381542,1549.3500,1553.9500,1548.1000,1552.3500,9000
1491381842,1540.9500,1550.4000,1538.1000,1549.4500,10800
1491382143,1542.5000,1549.3000,1540.0000,1542.1500,10900
1491382442,1545.2500,1546.5000,1541.6000,1541.6000,8400
1491382740,1543.1500,1555.0000,1543.1000,1545.2000,22200
1491383042,1536.0000,1542.9500,1532.8000,1542.4500,21300
1491383340,1525.1000,1538.6000,1522.2000,1535.8500,25600
1491383640,1524.1000,1525.9000,1501.0500,1525.5000,50800
1491383942,1514.0000,1525.2500,1510.0500,1524.2500,14300
1491384241,1509.8000,1514.0500,1500.1000,1514.0500,16200
1491384540,1520.9500,1525.8500,1511.0000,1512.7000,14900
1491384841,1516.2500,1521.3000,1515.0500,1521.3000,9100
1491385153,1515.3000,1517.3500,1511.6000,1516.3500,6000
1491385445,1512.7000,1517.5000,1510.3500,1515.2500,8500
1491385741,1519.0000,1524.9500,1513.4500,1513.4500,9200
1491386040,1529.0500,1529.6500,1517.7500,1517.7500,10200
1491386340,1522.2000,1529.9000,1521.0000,1529.0000,8100
1491450540,1535.7000,1535.7000,1511.1000,1511.1000,0
1491450842,1539.5500,1542.0000,1530.0500,1534.7000,14000
1491451143,1538.7000,1540.7500,1536.1000,1540.0000,10800
1491451494,1535.2000,1539.4000,1535.0000,1537.3500,4700
1491451741,1500.7500,1536.3000,1496.7000,1536.3000,18100
1491452043,1508.9500,1509.1000,1500.7500,1500.8000,7500
1491452340,1526.4000,1526.4500,1509.0000,1509.0000,5600
1491452643,1510.2500,1526.1500,1506.2000,1526.1500,6800
1491452954,1510.6500,1513.4500,1510.0000,1511.6000,1100
1491453272,1513.1500,1513.5500,1510.5000,1511.9500,1000
1491453546,1509.0500,1513.6000,1509.0500,1512.1000,3200
1491453842,1515.0000,1516.0000,1509.0500,1510.9000,1200
1491454151,1513.0000,1516.7000,1512.0500,1514.6500,1000
1491454442,1513.1500,1513.3500,1510.1000,1512.0000,700
1491454740,1513.0000,1518.0000,1511.5500,1514.0000,3100
1491455096,1513.8500,1517.2500,1505.5500,1513.6500,2900
1491455341,1504.3000,1515.8000,1502.5000,1515.5500,4800
1491455642,1506.2000,1507.2000,1503.0000,1504.2500,3400
1491455993,1506.2000,1509.8000,1505.2000,1506.4500,2900
1491456259,1507.2500,1508.0000,1505.1000,1506.5000,2100
1491456545,1506.5500,1510.5500,1505.2000,1508.0000,2500
1491456875,1505.6500,1508.0000,1505.5000,1507.2500,1100
1491457142,1505.0000,1508.4500,1504.1500,1506.0000,5300
1491457456,1503.6500,1506.3000,1503.0000,1505.7000,3400
1491457747,1507.6000,1508.0000,1503.0500,1503.2500,1700
1491458093,1506.0000,1508.0500,1505.0500,1507.2500,1000
1491458399,1507.5500,1510.0000,1505.0000,1506.0500,3900
1491458656,1507.0000,1507.0000,1506.0000,1506.5500,1200
1491458942,1505.2500,1508.7500,1505.2500,1506.0000,700
1491459273,1508.0000,1509.4500,1505.0500,1505.3500,1000
1491459590,1507.5000,1511.0000,1506.6500,1507.1500,2700
1491459842,1511.3000,1513.0000,1507.4000,1507.6000,1400
1491460149,1511.0000,1514.0000,1509.1500,1510.6000,600
1491460449,1512.0000,1512.3500,1511.0000,1511.9000,800
1491460740,1514.9500,1514.9500,1511.1000,1512.0500,900
1491461052,1512.7000,1514.0000,1511.0000,1514.0000,1000
1491461343,1513.9500,1519.0000,1511.1000,1512.2500,3700
1491461661,1513.0000,1515.0000,1511.7000,1514.0000,2600
1491461953,1511.6000,1513.0000,1511.6000,1512.3000,500
1491462293,1511.6500,1513.9000,1511.2000,1511.2000,300
1491462577,1512.2500,1512.4000,1511.6000,1511.6000,800
1491462875,1513.2000,1513.2000,1511.7000,1512.4000,700
1491463150,1512.2500,1513.7000,1512.0500,1513.7000,300
1491463466,1512.6000,1513.5000,1512.0500,1512.9500,100
1491463777,1512.9500,1513.0000,1512.0500,1512.7000,400
1491464042,1511.5000,1512.5000,1510.8500,1512.5000,300
1491464353,1510.0000,1510.6500,1508.1000,1510.6500,600
1491464653,1510.1000,1512.1000,1510.0000,1510.2000,400
1491464945,1510.5000,1512.0000,1510.3500,1510.3500,100
1491465240,1509.6500,1514.9000,1509.5500,1510.1500,1000
1491465589,1511.0000,1511.0000,1508.5000,1509.5500,400
1491465842,1507.8500,1510.6000,1507.8500,1510.6000,200
1491466153,1507.8500,1510.8500,1507.0000,1507.8000,400
1491466445,1513.0000,1513.0000,1508.0500,1508.0500,600
1491466793,1511.6500,1512.5000,1510.0000,1511.5500,200
1491467065,1511.0000,1513.0000,1511.0000,1512.3500,600
1491467393,1510.0000,1510.9500,1510.0000,1510.0000,600
1491467689,1510.1500,1511.3500,1508.6000,1510.0500,1300
1491467941,1510.6000,1511.9500,1510.2000,1510.7000,200
1491468248,1510.2500,1511.9500,1510.2500,1511.2000,100
1491468593,1510.5000,1511.2000,1510.2500,1511.2000,100
1491468849,1510.6000,1513.0000,1510.2000,1510.2000,900
1491469153,1509.4000,1511.5000,1509.4000,1510.4000,300
1491469440,1510.9500,1512.9500,1509.0000,1509.0000,1100
1491469791,1511.5000,1512.9500,1511.1000,1512.9500,300
1491470046,1514.2000,1515.0000,1510.0000,1512.3000,1100
1491470351,1510.2000,1514.1000,1510.0500,1513.4500,400
1491470650,1510.7000,1511.0000,1508.5000,1510.0000,500
1491470941,1510.9500,1511.0000,1509.1000,1510.3000,800
1491471255,1510.9500,1511.4500,1510.0000,1511.0000,24800
1491471541,1511.0000,1512.9500,1510.0500,1510.0500,1100
1491471897,1510.7000,1512.0000,1508.5000,1509.1000,3900
1491472151,1509.0000,1510.6500,1501.5000,1510.6500,32400
1491472497,1512.9500,1514.7000,1508.8500,1508.8500,3800
1491472744,1509.1000,1515.6500,1509.1000,1513.7500,2900
1491536943,1521.7000,1521.8500,1504.5000,1507.0000,0
1491537291,1532.0000,1535.0000,1518.7000,1524.6500,17500
1491537540,1536.5000,1538.0000,1526.3500,1532.2000,15400
1491537841,1543.1500,1549.5000,1536.3000,1537.7000,25200
1491538199,1547.4500,1549.8000,1542.0000,1543.0500,9500
1491538447,1547.9500,1549.0000,1543.7000,1547.5000,8100
1491538743,1544.0000,1547.9000,1543.7000,1547.0500,5400
1491539057,1543.7000,1545.9000,1543.7000,1544.8000,5800
1491539341,1553.9500,1560.0000,1544.9000,1544.9000,24000
1491539646,1548.4000,1555.2000,1547.0000,1554.0000,15100
1491539951,1546.4500,1549.0000,1543.5000,1548.0000,8400
1491540243,1549.1500,1552.2000,1545.5500,1546.5500,6200
1491540540,1550.0000,1552.5000,1548.5500,1548.9500,4500
1491540841,1548.0000,1551.7000,1547.9000,1551.0000,3400
1491541197,1551.0000,1552.0000,1548.0000,1548.5000,4200
1491541441,1548.5500,1551.9500,1548.5500,1550.8500,4200
1491541743,1550.5000,1552.0000,1548.0000,1549.8000,7100
1491542041,1549.0500,1550.9500,1549.0500,1550.0000,2900
1491542350,1548.4500,1549.8000,1548.4500,1549.8000,400
1491542696,1549.3000,1550.9500,1548.5000,1548.5000,1600
1491542941,1550.0000,1551.4500,1549.0000,1550.0000,1700
1491543245,1549.9500,1550.0500,1548.3000,1549.5000,900
1491543578,1548.8000,1549.0500,1548.8000,1549.0000,800
1491543851,1548.4000,1548.8500,1547.0000,1548.6000,9700
1491544152,1550.0000,1551.0000,1547.0000,1547.3500,2700
1491544454,1551.0000,1552.0000,1549.6000,1549.9500,1900
1491544759,1550.0000,1553.0000,1550.0000,1551.5000,2700
1491545069,1550.2000,1551.4500,1548.0500,1550.1000,4200
1491545387,1550.0000,1550.3000,1549.5000,1550.0000,2300
1491545693,1550.5000,1551.0000,1550.0000,1551.0000,500
1491545966,1550.0000,1551.8000,1549.0500,1550.5000,2500
1491546243,1552.0500,1554.2000,1550.2000,1550.2500,3600
1491546540,1552.0500,1557.9000,1552.0500,1553.8000,7700
1491546861,1550.5000,1552.3000,1549.0500,1552.0000,3500
1491547168,1550.0000,1551.4500,1550.0000,1550.7500,1300
1491547449,1550.0000,1552.4000,1550.0000,1550.0500,2000
1491547747,1549.0000,1549.9500,1548.0000,1549.9500,1200
1491548099,1550.1000,1550.9500,1548.5500,1548.5500,1400
1491548347,1549.0000,1551.8500,1549.0000,1550.1500,2200
1491548672,1546.9000,1548.0000,1545.2000,1548.0000,2700
1491548969,1548.8000,1548.8500,1545.5500,1546.0000,1700
1491549184,1546.9000,1549.4000,1546.9000,1549.0000,500
1491549549,1547.1500,1547.9500,1547.0000,1547.0000,200
1491549867,1547.7000,1547.7000,1547.0000,1547.1000,300
1491550166,1547.8000,1547.9000,1546.6500,1546.6500,400
1491550459,1549.0000,1549.0000,1547.1500,1547.2000,300
1491550745,1551.0500,1552.3000,1548.0000,1548.3500,1200
1491551050,1552.6500,1554.0000,1551.1500,1552.3000,700
1491551389,1551.9500,1554.0000,1549.1000,1553.6500,1500
1491551695,1551.6500,1553.5500,1551.0000,1551.6500,2200
1491551998,1552.1000,1554.9500,1551.2000,1552.5000,2100
1491552247,1554.2000,1557.0000,1552.9000,1552.9000,6100
1491552596,1552.0500,1555.0000,1551.2000,1554.5000,700
1491552876,1552.1500,1553.9500,1551.6000,1553.0000,700
1491553183,1552.9500,1554.3000,1551.7000,1552.6000,1300
1491553448,1551.1000,1553.9000,1551.0000,1553.0000,1900
1491553742,1551.6000,1552.6000,1551.0000,1551.8000,1600
1491554044,1550.5500,1552.5000,1550.0000,1551.7500,1600
1491554340,1550.0000,1551.8500,1550.0000,1551.0000,1400
1491554682,1548.5000,1549.9000,1548.0000,1549.9000,700
1491554989,1548.2500,1549.6000,1547.0000,1548.0000,1500
1491555248,1548.9000,1548.9500,1547.0000,1548.2000,900
1491555540,1540.0000,1548.9000,1531.7000,1548.0500,15300
1491555841,1543.2000,1545.0000,1540.0000,1541.1000,2400
1491556141,1542.9000,1543.7000,1540.1000,1542.9000,1500
1491556441,1541.3500,1543.6500,1540.2000,1542.0500,2700
1491556748,1537.1500,1540.8000,1537.0000,1540.4500,3100
1491557045,1526.4000,1537.6000,1525.4000,1537.0000,17200
1491557340,1534.7500,1534.9000,1525.1000,1525.1000,3100
1491557641,1530.7000,1534.4500,1525.0000,1534.4500,5200
1491557949,1529.0000,1532.5000,1529.0000,1531.8000,2200
1491558269,1525.3000,1529.5000,1525.3000,1526.1000,2700
1491558541,1530.8000,1532.3000,1525.5500,1526.7500,5500
1491558840,1536.0000,1536.8500,1527.2500,1531.8500,5300
1491559140,1534.9000,1538.6000,1530.0500,1535.7500,4100
1491796143,1538.6000,1545.0000,1532.6500,1532.6500,0
1491796452,1532.9500,1537.4500,1530.8000,1535.1500,4500
1491796799,1530.9000,1532.0000,1530.0000,1531.0000,3700
1491797050,1523.4000,1530.9500,1523.4000,1530.0000,5000
1491797342,1516.1000,1523.2500,1516.0000,1521.2000,4400
1491797641,1520.1000,1521.0000,1515.0000,1516.6000,3300
1491797940,1526.5000,1529.0000,1518.7500,1519.2500,3000
1491798241,1534.0000,1534.0000,1526.0000,1526.0000,2400
1491798540,1534.5000,1536.0000,1533.0000,1534.8500,2400
1491798894,1537.8500,1537.9000,1534.0500,1535.8500,900
1491799141,1547.0000,1548.9000,1537.8000,1537.8000,8300
1491799440,1546.4000,1549.0000,1544.1500,1545.0500,4300
1491799740,1548.7000,1549.9500,1544.7500,1546.5000,3000
1491800040,1553.0500,1557.0000,1549.5500,1549.5500,9500
1491800341,1552.0000,1554.9000,1550.9500,1553.1000,1500
1491800640,1551.2500,1553.9500,1551.2500,1552.9000,1600
1491800940,1551.9000,1552.9500,1550.0000,1552.2000,2100
1491801258,1547.9500,1552.0000,1546.5500,1551.8500,1900
1491801540,1549.0500,1550.0000,1547.9500,1548.0000,1000
1491801840,1549.9000,1550.0000,1548.3000,1549.1000,600
1491802191,1551.2000,1551.6000,1549.5500,1549.5500,800
1491802440,1551.1500,1551.4500,1550.0000,1551.3500,500
1491802793,1551.0500,1552.0000,1550.3000,1551.0500,1000
1491803040,1551.5000,1552.0000,1551.0000,1551.9500,300
1491803363,1549.6500,1551.5000,1547.2500,1550.7500,2300
1491803670,1549.0000,1549.6500,1548.0000,1549.4500,200
1491803951,1549.4500,1549.4500,1548.1000,1549.2500,400
1491804240,1550.0000,1550.0000,1549.2000,1549.4000,100
1491804540,1550.7000,1550.7000,1548.6000,1548.6000,700
1491804870,1551.0000,1551.0000,1550.4000,1551.0000,0
1491805160,1553.9000,1554.0000,1551.0500,1551.0500,500
1491805453,1550.7500,1553.5500,1550.7500,1552.0500,200
1491805740,1548.4000,1550.7000,1548.0000,1550.0000,500
1491806041,1545.0500,1548.4000,1540.0000,1548.0000,4400
1491806399,1541.8500,1546.0000,1541.8500,1545.8500,1300
1491806651,1540.5000,1542.4000,1540.0000,1541.7500,2600
1491806998,1541.3500,1541.3500,1540.0000,1540.2000,1800
1491807290,1542.9000,1544.3000,1540.0500,1543.3500,500
1491807551,1543.7000,1544.5000,1541.7000,1541.7500,400
1491807840,1541.0500,1543.4500,1540.0000,1541.7000,1500
1491808141,1540.0000,1541.0500,1540.0000,1540.0500,500
1491808441,1540.0000,1541.0000,1540.0000,1540.7000,1900
1491808740,1538.3500,1539.6000,1532.1000,1535.0500,1800
1491809041,1533.0500,1537.9500,1533.0500,1537.0000,500
1491809397,1531.0000,1533.8000,1525.8000,1532.7000,7900
1491809642,1532.0500,1532.5000,1529.4000,1531.8500,1300
1491809941,1532.5000,1532.5000,1530.5500,1531.5500,1200
1491810293,1536.2500,1538.6500,1532.4500,1532.4500,400
1491810540,1536.0000,1537.0000,1536.0000,1537.0000,700
1491810899,1535.9500,1537.8000,1534.5500,1535.9500,700
1491811141,1536.2000,1537.5000,1535.2500,1536.9500,500
1491811441,1540.0000,1540.0000,1537.0000,1537.1000,1300
1491811741,1543.3000,1544.5000,1539.9500,1539.9500,900
1491812041,1535.0000,1543.5000,1535.0000,1543.5000,1900
1491812340,1537.4000,1537.8500,1535.0500,1535.0500,800
1491812691,1537.0000,1537.6000,1536.0000,1536.7000,500
1491812999,1536.1000,1537.9000,1535.1000,1536.5000,300
1491813241,1538.0000,1539.4500,1536.0500,1537.4500,500
1491813599,1539.0000,1540.9500,1537.9500,1538.0500,900
1491813840,1539.0000,1540.4000,1539.0000,1539.4000,600
1491814141,1541.2000,1542.4500,1538.0000,1539.6000,800
1491814441,1540.5000,1544.0000,1540.5000,1541.7000,2200
1491814799,1539.5500,1541.8000,1539.0000,1540.2500,800
1491815041,1540.1000,1541.0000,1539.1500,1540.8000,600
1491815341,1540.7500,1542.0500,1540.0000,1540.0500,1800
1491815699,1537.4000,1541.9000,1536.3000,1541.9000,1000
1491815941,1537.0000,1541.2500,1536.3500,1539.5000,1000
1491816241,1536.0000,1537.9500,1536.0000,1537.1000,700
1491816540,1531.2000,1536.5500,1531.0000,1535.2000,1300
1491816841,1534.0500,1536.4500,1528.0500,1531.2500,3200
1491817141,1535.3500,1535.8000,1530.2500,1535.1500,2000
1491817441,1534.0500,1536.4500,1532.0000,1534.8500,2800
1491817741,1535.9500,1536.4500,1530.0000,1535.8500,2100
1491818097,1541.8000,1542.0000,1533.0500,1535.7500,2200
1491818340,1535.0000,1542.0000,1533.0000,1542.0000,2200
1491818400,1537.0000,1537.0000,1537.0000,1537.0000,0
1491882549,1551.9000,1552.9000,1539.7000,1540.0000,0
1491882841,1547.5500,1552.3500,1545.9500,1549.6000,5600
1491883148,1545.9000,1550.8000,1545.0000,1546.4000,2200
1491883494,1545.1500,1546.1000,1545.1000,1546.1000,200
1491883697,1544.8000,1545.0000,1544.0000,1545.0000,600
1491884042,1551.0000,1553.8500,1545.5000,1545.7500,7400
1491884398,1547.5500,1552.7000,1547.5500,1550.6000,1600
1491884689,1544.2000,1547.4000,1544.2000,1547.4000,1400
1491884991,1544.0000,1545.0000,1541.3500,1545.0000,1700
1491885245,1542.0500,1545.0000,1542.0500,1544.7000,400
1491885569,1543.1500,1547.9000,1542.7500,1542.7500,1000
1491885891,1543.3000,1544.0000,1543.2000,1543.2000,300
1491886144,1543.8000,1546.9500,1542.0000,1543.6500,2000
1491886441,1544.3000,1546.4000,1542.5500,1543.0500,600
1491886782,1547.0000,1547.9000,1543.5000,1544.2500,1500
1491887040,1549.0000,1549.7500,1547.4000,1547.9000,700
1491887378,1548.6000,1549.0000,1548.0500,1548.9500,100
1491887656,1550.6500,1551.9500,1547.9500,1548.0000,1600
1491887944,1558.0000,1562.0000,1550.4000,1550.9500,15000
1491888244,1568.5000,1577.0000,1558.0500,1558.5000,34400
1491888540,1573.9000,1573.9000,1566.8500,1568.7500,13800
1491888853,1570.1000,1576.0000,1569.8000,1574.5000,8100
1491889144,1571.1500,1572.0000,1570.0000,1570.0000,2200
1491889484,1564.2500,1571.2000,1563.0500,1571.2000,5500
1491889796,1558.8500,1567.7500,1558.8500,1564.1000,7600
1491890041,1555.0000,1558.7000,1545.5000,1558.3000,17700
1491890340,1546.9500,1554.0000,1542.0500,1553.0000,8300
1491890689,1549.2000,1551.0000,1546.9500,1547.0000,2100
1491890945,1544.2000,1552.0000,1544.0000,1550.0000,8600
1491891262,1546.9000,1547.9000,1545.0000,1545.6500,1500
1491891540,1548.4500,1550.0000,1546.4000,1546.4000,1000
1491891842,1548.5500,1549.2500,1548.0000,1549.2500,200
1491892185,1549.0500,1550.0000,1548.6000,1549.0000,500
1491892455,1548.5000,1550.0000,1548.0000,1549.8000,1400
1491892759,1549.5000,1550.9500,1548.5000,1549.0000,1800
1491893073,1549.5500,1551.4500,1549.5000,1550.9000,1200
1491893362,1550.0000,1551.9000,1549.5500,1550.1000,500
1491893657,1552.5000,1553.0000,1549.7000,1550.6000,1000
1491893999,1553.0000,1554.0000,1551.6000,1553.5000,1000
1491894297,1552.5000,1553.2500,1552.5000,1553.0500,500
1491894555,1552.4000,1552.4500,1550.6000,1552.4500,700
1491894898,1550.8000,1553.0000,1550.1000,1551.5500,1400
1491895182,1552.9500,1552.9500,1550.5500,1550.5500,0
1491895492,1552.6000,1552.7000,1552.2000,1552.6000,200
1491895741,1550.0000,1552.2000,1549.8500,1552.2000,200
1491896037,1551.5000,1552.2500,1551.5000,1551.7500,700
1491896315,1552.0500,1552.7000,1551.2000,1551.7500,300
1491896656,1552.0000,1552.5000,1551.1500,1552.5000,500
1491896890,1552.6500,1552.9500,1551.0000,1551.0000,300
1491897259,1551.4000,1553.6500,1550.0000,1553.0000,1400
1491897573,1551.9500,1553.0000,1551.9500,1552.0000,100
1491897891,1550.5500,1552.0000,1550.5500,1552.0000,100
1491898027,1550.6500,1551.9500,1550.6500,1550.7500,100
1491898441,1551.8500,1552.1000,1550.6000,1550.6000,500
1491898775,1551.0000,1551.8000,1550.6500,1550.6500,0
1491899081,1547.5000,1551.4000,1547.4000,1550.6500,2500
1491899373,1548.0000,1548.3000,1547.5000,1547.7500,300
1491899684,1548.0000,1548.1000,1547.1000,1548.1000,200
1491899974,1547.4000,1548.0500,1546.5500,1548.0500,700
1491900240,1548.0000,1548.0000,1546.5500,1546.5500,500
1491900528,1549.9500,1549.9500,1546.1000,1546.1000,300
1491900840,1551.3000,1552.2500,1548.2500,1550.0000,800
1491901140,1548.2000,1552.6000,1547.3000,1552.4000,3300
1491901491,1548.1500,1549.4500,1547.3500,1548.5000,1600
1491901791,1550.2000,1550.3500,1547.3000,1548.0500,3400
1491902074,1549.0500,1551.0000,1549.0500,1550.0500,500
1491902374,1549.9000,1551.0000,1549.0500,1551.0000,4400
1491902646,1548.0000,1550.0000,1548.0000,1550.0000,1500
1491902942,1546.2000,1549.7500,1546.0500,1547.5500,600
1491903244,1547.9500,1549.4500,1542.2000,1546.0500,4000
1491903540,1546.2500,1549.4500,1545.0000,1548.2000,5200
1491903849,1546.0000,1548.4000,1545.6500,1546.1000,4200
1491904143,1548.7500,1550.0000,1544.2500,1546.0500,11000
1491904441,1551.0000,1551.9000,1546.0000,1551.6000,6000
1491904740,1546.0000,1553.0000,1546.0000,1551.8500,7100
1491968951,1555.9500,1557.6500,1547.0000,1554.9000,0
1491969249,1559.0000,1561.3000,1555.3000,1555.8000,5800
1491969599,1555.2500,1560.4500,1555.0000,1558.8500,3600
1491969881,1556.0000,1559.9500,1553.1500,1557.0000,3600
1491970140,1546.3000,1555.0500,1543.4000,1555.0000,4900
1491970444,1549.0000,1549.2000,1542.1500,1545.1500,2800
1491970740,1542.3500,1550.0000,1540.0000,1549.1500,2300
1491971045,1536.5000,1544.4500,1536.5000,1542.1500,4500
1491971397,1541.3000,1544.5000,1535.5500,1535.5500,2100
1491971699,1535.6500,1543.5000,1535.0000,1541.0000,5800
1491971970,1539.0000,1539.0000,1527.0000,1536.0500,5200
1491972291,1538.9000,1539.5000,1535.8500,1538.8000,1300
1491972592,1539.4500,1540.0000,1532.0500,1539.0000,3700
1491972876,1538.1000,1540.5000,1532.7000,1539.1000,1400
1491973160,1536.6500,1538.2500,1535.4500,1537.9000,600
1491973460,1536.1500,1536.6000,1535.0000,1536.6000,400
1491973777,1537.3000,1537.9000,1536.2500,1537.6500,200
1491974078,1536.8000,1539.0000,1535.2000,1537.0000,1200
1491974343,1537.2000,1537.9000,1535.1500,1536.3500,800
1491974661,1534.9500,1537.2500,1533.0000,1536.0500,1800
1491974996,1534.5500,1535.0000,1533.2500,1534.4500,300
1491975281,1533.9000,1535.0000,1533.0500,1535.0000,400
1491975571,1534.8500,1534.8500,1533.0500,1534.0000,200
1491975840,1535.0000,1535.0000,1533.0000,1534.9000,4600
1491976194,1534.1500,1535.0000,1532.9500,1534.9500,900
1491976464,1534.2500,1534.9500,1533.0000,1533.0500,500
1491976760,1534.0000,1535.0000,1533.3500,1534.9500,300
1491977091,1534.0000,1535.0000,1533.0000,1534.5000,1800
1491977369,1531.6000,1534.7500,1530.0500,1533.1000,4100
1491977641,1533.0000,1534.4000,1530.5000,1531.5500,2400
1491977997,1532.2500,1533.1500,1530.5500,1533.1500,900
1491978292,1529.9000,1532.5500,1529.0000,1531.4000,2400
1491978536,1532.4500,1533.2000,1529.0500,1529.0500,1400
1491978781,1534.2500,1534.9500,1532.0000,1532.0000,1200
1491979198,1537.3500,1537.3500,1533.7000,1534.9500,400
1491979472,1537.9500,1538.0000,1532.3000,1537.0000,1800
1491979793,1536.6500,1537.9500,1535.5000,1537.0000,200
1491980050,1538.0000,1538.0000,1535.5500,1535.7500,600
1491980356,1537.0000,1537.9000,1537.0000,1537.1000,100
1491980651,1538.0000,1538.0000,1537.0000,1537.0000,600
1491980961,1536.9000,1538.0000,1535.6000,1537.4000,500
1491981288,1535.9500,1537.1000,1535.0500,1537.1000,200
1491981598,1535.0500,1536.9000,1533.6500,1535.0000,1000
1491981841,1534.2000,1535.7000,1533.0000,1535.4500,800
1491982144,1533.1000,1536.7500,1532.7000,1533.3500,1600
1491982486,1534.4000,1534.6000,1533.2000,1533.2500,600
1491982751,1533.0000,1535.0500,1533.0000,1535.0500,1000
1491983097,1533.0000,1533.7500,1532.5000,1533.7500,400
1491983341,1532.0500,1533.0000,1532.0500,1532.5000,600
1491983698,1532.7000,1532.7500,1531.5000,1532.6500,500
1491983992,1532.7000,1534.1500,1531.0000,1532.1000,1000
1491984244,1533.0500,1535.5000,1532.3000,1534.6000,900
1491984559,1532.6500,1533.9500,1532.2500,1533.0000,200
1491984849,1530.0000,1532.4000,1530.0000,1532.0000,700
1491985147,1526.2500,1530.8000,1526.2500,1530.4000,2300
1491985491,1529.3500,1531.0000,1525.0500,1526.3000,2100
1491985798,1530.0500,1530.9500,1529.4500,1529.7000,300
1491986042,1530.0000,1531.0500,1530.0000,1530.5000,500
1491986392,1527.3000,1529.7000,1526.3500,1529.0500,900
1491986676,1526.5500,1527.3000,1526.0000,1526.4500,1000
1491986996,1528.3000,1529.1500,1526.5000,1526.9000,900
1491987296,1529.3000,1529.4000,1527.6500,1528.0000,500
1491987542,1528.0000,1529.1000,1527.2000,1528.0500,1100
1491987852,1528.7500,1529.0500,1528.0000,1528.5500,800
1491988155,1527.5000,1528.8000,1527.5000,1528.0500,600
1491988441,1529.4500,1530.7500,1527.6000,1528.4500,1000
1491988794,1528.3500,1530.9500,1528.0000,1530.8500,1700
1491989051,1528.4000,1529.0500,1528.0000,1528.0000,700
1491989393,1529.6500,1529.7500,1528.0000,1528.0500,1000
1491989697,1533.9500,1534.7000,1529.8500,1529.8500,1900
1491989998,1535.0500,1537.0000,1532.6500,1534.9500,2600
1491990293,1538.1500,1539.4000,1534.0500,1536.1500,4200
1491990586,1536.0000,1537.9000,1533.0000,1537.9000,4300
1491990845,1535.4500,1538.3500,1534.0500,1536.2500,3200
1491991140,1529.0000,1537.5000,1529.0000,1535.4000,2400
1492055348,1539.3000,1540.0000,1534.0000,1534.0000,0
1492055664,1539.6000,1542.0000,1535.3000,1537.7000,3100
1492055951,1544.5000,1549.0000,1537.6000,1539.8500,5700
1492056290,1542.6000,1544.9000,1541.0000,1544.0000,2300
1492056556,1542.5500,1542.5500,1538.2000,1540.8000,1400
1492056850,1548.5000,1548.6000,1542.0000,1542.5000,2600
1492057144,1546.0000,1548.6000,1545.7000,1548.5500,2200
1492057487,1546.7000,1549.0000,1546.5000,1548.0000,1200
1492057799,1548.0000,1550.3500,1546.3000,1547.0000,6100
1492058044,1548.9000,1549.9000,1547.9500,1547.9500,800
1492058340,1550.0000,1550.9500,1548.0000,1549.0000,2100
1492058641,1544.8000,1549.8500,1544.8000,1549.8500,1400
1492058956,1540.0000,1544.0000,1536.0000,1544.0000,2400
1492059279,1535.5500,1539.9500,1534.5000,1539.9500,1800
1492059544,1536.2000,1537.0000,1530.3500,1536.9500,3500
1492059899,1534.3000,1538.4000,1532.4000,1537.0000,2400
1492060199,1535.2000,1537.0000,1534.1500,1534.1500,500
1492060452,1535.6500,1536.1000,1534.3000,1535.2500,300
1492060795,1539.6000,1539.7000,1534.8000,1534.8000,200
1492061054,1540.0000,1541.0000,1538.1500,1538.1500,1300
1492061314,1540.3000,1541.6000,1540.1000,1540.3500,300
1492061649,1538.8000,1540.9500,1538.1000,1540.2000,500
1492061987,1539.5000,1539.5000,1538.3000,1538.3000,100
1492062297,1541.9500,1541.9500,1538.3500,1538.5000,1100
1492062557,1542.0500,1542.5500,1540.8000,1541.0500,1100
1492062888,1545.1500,1547.0000,1542.0500,1542.6000,2900
1492063199,1540.2000,1545.8500,1539.1000,1545.8500,1500
1492063442,1542.2000,1545.9000,1540.0500,1540.0500,2600
1492063749,1543.0000,1543.1500,1541.0000,1542.3500,600
1492064099,1543.4000,1544.0000,1542.5000,1543.0500,300
1492064363,1543.9000,1544.7500,1543.4000,1543.5000,500
1492064687,1544.0000,1544.3500,1543.4500,1543.8000,800
1492064950,1543.8000,1544.4000,1543.7500,1543.7500,300
1492065245,1542.9000,1547.4000,1542.5500,1544.3500,3300
1492065541,1545.5000,1545.5000,1542.0000,1542.5500,1900
1492065850,1545.9500,1545.9500,1542.8000,1545.0000,300
1492066153,1544.9000,1545.4500,1542.7500,1544.5500,600
1492066266,1543.5000,1543.5000,1542.0000,1542.0500,200
1492066798,1542.0000,1545.0000,1542.0000,1543.6000,800
1492067063,1538.0500,1542.4500,1535.2000,1540.9000,2100
1492067357,1538.0000,1539.6500,1535.8500,1539.6500,1600
1492067410,1537.0000,1537.0000,1537.0000,1537.0000,100
1492067684,1537.7000,1538.3500,1536.6000,1537.0000,800
1492067944,1538.5000,1538.5000,1537.6000,1537.6000,300
1492068034,1537.6500,1537.6500,1537.6500,1537.6500,0
1492068187,1539.2500,1540.8500,1537.6500,1538.4500,1300
1492068340,1543.4500,1543.4500,1543.4500,1543.4500,400
1492068542,1540.0000,1543.4500,1539.5000,1543.4500,4300
1492068727,1539.7500,1542.0500,1539.5500,1539.5500,300
1492069025,1537.6500,1539.6500,1537.3500,1539.6500,800
1492069146,1540.0000,1542.6500,1537.3000,1539.6500,1700
1492069339,1540.0000,1540.0000,1539.6000,1539.6000,0
1492069544,1540.0000,1540.0000,1540.0000,1540.0000,0
