20160412,460.4250,469.9000,458.9750,464.3000,3015500
20160413,462.8250,466.5000,458.0000,462.5000,2084500
20160414,462.8250,462.8250,462.8250,462.8250,0
20160415,462.8250,462.8250,462.8250,462.8250,0
20160418,484.9500,489.8500,462.5000,462.5000,4077500
20160419,484.9500,484.9500,484.9500,484.9500,0
20160420,477.1250,484.8500,475.5250,484.0250,2637000
20160421,485.3750,492.4750,477.1250,477.1250,2139000
20160422,482.9500,488.9750,480.1500,481.0000,1318400
20160425,489.1500,491.0000,479.3750,480.0500,1308900
20160426,487.9000,491.9250,485.4000,486.0500,1986200
20160427,491.1750,497.3750,485.5000,485.5000,1570600
20160428,481.3750,494.6250,479.2000,491.0000,2403900
20160429,489.0000,490.7500,480.0000,480.0000,1149500
20160502,484.7750,493.6000,483.0000,491.0000,823300
20160503,476.9500,488.0000,475.6000,487.4500,1743400
20160504,473.5250,481.0000,471.6500,473.6250,1400900
20160505,469.4000,475.6000,464.5750,474.5000,1404500
20160506,469.6000,472.5000,463.8500,466.5000,2426400
20160509,468.5000,475.0000,466.3000,471.5000,1874200
20160510,463.6750,471.4500,462.5500,470.6000,2111500
20160511,459.7750,463.7750,454.2500,459.2750,2099000
20160512,463.2250,466.6750,458.5500,458.5500,1337600
20160513,463.9000,467.5000,459.7250,462.1250,1091400
20160516,461.3500,465.4500,457.7750,464.0000,1365400
20160517,472.6500,474.2750,465.0000,465.0750,2049500
20160518,466.5500,479.0500,465.2250,471.0500,2926400
20160519,471.6250,474.7500,465.5000,465.9000,2041900
20160520,460.2500,473.6250,459.0000,472.1500,1590900
20160523,460.9500,466.0500,455.5000,463.4000,1464100
20160524,447.9750,462.5750,445.3000,458.0000,2065900
20160525,458.7000,470.3500,440.5750,452.2500,1579000
20160526,463.4000,465.5000,453.5500,460.5000,2414500
20160527,506.0000,512.3500,473.7250,475.5000,11769800
20160530,499.7250,511.9750,496.8000,510.0000,2620300
20160531,490.2500,503.9750,486.9750,499.7250,4664500
20160601,493.5500,498.0000,491.0500,497.5000,2148100
20160602,501.5500,503.2500,489.3500,493.3500,2886500
20160603,506.2500,516.9750,501.9250,506.0000,3720700
20160606,497.1250,504.6500,495.0000,503.2000,2563900
20160607,488.1250,501.1250,486.7000,501.0000,2347000
20160608,490.0750,492.7000,484.5750,486.1250,2045800
20160609,498.7250,502.9000,493.5000,495.1500,2634000
20160610,493.4250,502.1750,492.2750,499.5000,1692800
20160613,504.3250,506.4750,490.0000,491.1250,2489400
20160614,495.5750,508.5000,494.0750,508.0000,2151100
20160615,505.5000,506.9000,497.6250,497.6250,1677700
20160616,505.7500,510.0000,500.3000,507.1000,2199000
20160617,502.4750,509.8750,500.5000,508.3750,1754000
20160620,502.4000,506.2500,497.0250,499.9750,1242500
20160621,504.2750,506.1000,499.5500,502.4000,1468300
20160622,504.6750,506.7750,501.6250,504.0000,1551900
20160623,511.9250,515.2500,501.5000,505.5000,1493200
20160624,506.7250,512.2000,498.0500,506.0000,2172200
20160627,519.1000,523.4500,508.2750,510.0000,2867600
20160628,525.8500,527.0500,520.1000,520.9000,2375900
20160629,527.1750,530.3000,521.6500,527.4500,1664900
20160630,536.0750,539.0000,525.5500,531.0000,4698300
20160701,545.9750,551.1500,533.5000,537.5000,2131700
20160704,553.0750,555.0000,547.5000,547.5000,3385400
20160705,548.9750,558.9000,546.2000,553.7500,3917400
20160706,548.9750,548.9750,548.9750,548.9750,0
20160707,557.0500,560.5000,544.7500,549.5750,5035100
20160708,557.3500,561.9500,552.2250,560.5500,5675000
20160711,566.6500,575.0000,560.0500,563.4500,6288500
20160712,560.2750,578.0000,556.5500,566.1000,7373200
20160713,545.6000,563.0000,543.6000,559.9000,3740800
20160714,553.4000,556.4500,546.2500,546.2500,1570300
20160715,554.7500,557.9000,547.0000,554.0000,2432100
20160718,556.1500,562.7500,551.6000,556.0000,1695900
20160719,572.1500,574.0000,554.0500,555.6000,2914900
20160720,574.5000,583.0000,570.0000,570.0000,2316900
20160721,576.2500,590.6000,573.3000,582.2000,2766900
20160722,583.2000,584.9500,568.5500,577.7000,1959200
20160725,593.5000,601.8500,585.4000,587.0000,3073300
20160726,588.3500,600.8500,585.5000,594.5000,2146000
20160727,588.5000,596.3500,582.4500,588.6500,2179900
20160728,583.8000,592.9000,575.0500,589.4500,4264700
20160729,592.6500,597.0000,582.6000,587.6000,1765600
20160801,594.6000,603.5000,590.2500,596.9500,2221600
20160802,579.3500,599.7000,577.1500,596.5500,2678600
20160803,572.9000,583.0500,567.7500,580.0000,2845600
20160804,569.3000,578.1000,558.0000,574.2500,2484100
20160805,586.5500,587.8000,573.5500,575.8000,2765600
20160808,606.7500,617.7000,589.0000,593.1000,8163500
20160809,595.6500,613.7500,592.4000,608.9500,4917200
20160810,583.5500,604.5000,578.4000,597.5500,4158400
20160811,596.8500,600.0000,581.0000,589.0000,4216100
20160812,579.9500,594.5000,574.9500,589.2000,3005700
20160815,579.9500,579.9500,579.9500,579.9500,0
20160816,596.4000,602.5000,578.2000,580.0000,3269300
20160817,587.3500,598.8000,583.5500,596.0000,1957000
20160818,587.1000,596.9000,585.0000,588.1000,2535300
20160819,593.2000,595.1000,581.3000,589.0000,2603700
20160822,597.5000,605.4000,593.7500,595.0000,3289400
20160823,576.1000,602.1000,571.5000,601.0000,3760000
20160824,581.7500,585.9000,575.0500,580.0000,3660500
20160825,598.2500,600.0000,581.1000,587.0000,5646700
20160826,595.7500,601.9500,593.1000,597.9000,3074400
20160829,598.8000,601.8000,593.9000,596.9500,2451400
20160830,608.2500,611.3500,601.5000,602.8000,2978300
20160831,602.6000,609.9500,597.6000,609.0000,9920800
20160901,586.8000,606.9500,583.5000,600.3000,3724600
20160902,586.7500,591.0000,581.3000,590.0000,2598200
20160905,586.7500,586.7500,586.7500,586.7500,0
20160906,598.6000,599.9000,588.7500,592.5000,2275700
20160907,589.8000,599.9500,587.0500,599.9000,1646500
20160908,587.2000,593.0500,584.4500,590.0000,2110000
20160909,588.5500,595.0000,585.0500,587.1000,1825700
20160912,565.9000,585.6000,563.1000,580.3500,2745500
20160913,565.9000,565.9000,565.9000,565.9000,0
20160914,575.3500,578.5000,566.4000,571.6000,2397300
20160915,568.1500,579.8000,565.4000,579.8000,1934000
20160916,577.9500,581.9000,569.1000,575.0000,11505900
20160919,585.2000,587.6000,579.8500,581.0000,2150000
20160920,585.7500,589.9500,582.8000,587.0000,2093100
20160921,586.8000,595.4000,580.1500,590.0000,1773700
20160922,598.8000,600.5000,588.7000,593.0000,2585000
20160923,604.6500,608.1500,600.6000,601.3000,2083800
20160926,622.4500,624.9000,595.3000,605.0000,3162700
20160927,610.7500,628.6000,608.4000,628.2000,2788000
20160928,616.3000,619.7500,609.4500,612.0000,1387100
20160929,610.1500,622.8500,600.4000,615.7000,4478500
20160930,612.6000,618.7000,604.0000,605.0000,1758300
20161003,627.7500,630.5000,615.0000,616.0000,1837200
20161004,637.4500,639.0000,628.0500,628.2500,1619600
20161005,649.9000,652.0500,627.0000,637.7000,1679300
20161006,670.7000,683.6000,652.0000,653.7000,3359100
20161007,663.5500,679.9000,656.0000,674.9000,1916700
20161010,657.8000,666.9000,653.3000,664.0000,1568500
20161011,657.8000,657.8000,657.8000,657.8000,0
20161012,657.8000,657.8000,657.8000,657.8000,0
20161013,657.1000,670.4500,645.9000,653.0000,3260300
20161014,666.8500,672.4000,659.0000,660.9500,1741400
20161017,659.1000,674.7000,656.1000,673.8000,2027000
20161018,656.7500,663.6000,646.0000,661.0000,1755800
20161019,660.6000,669.7000,655.8000,658.0500,1825200
20161020,662.1500,665.0000,654.0500,661.0000,1548800
20161021,668.2500,671.5000,661.7000,665.0000,1321900
20161024,686.2000,687.9500,667.0500,669.5000,1880500
20161025,685.4500,687.5000,673.3000,681.1000,1785300
20161026,676.0500,686.4500,670.9000,683.4000,1908800
20161027,676.6000,680.2500,665.1500,669.0000,2285200
20161028,669.0500,676.5000,666.3500,673.0000,1877400
20161031,669.0500,669.0500,669.0500,669.0500,0
20161101,676.1500,679.8500,667.1500,671.0500,1506900
20161102,660.1500,670.0000,655.0000,670.0000,1399900
20161103,644.0500,664.0000,640.8000,663.7000,1909500
20161104,643.5000,649.4000,632.0000,643.0000,1885300
20161107,660.1000,666.5000,646.6000,648.0000,1624300
20161108,660.5500,667.9000,654.3500,657.0000,1378500
20161109,659.9500,669.0000,626.6000,635.0000,1900300
20161110,664.5500,672.9500,658.5000,658.5000,2279500
20161111,649.6000,660.5000,644.9500,650.0000,2854800
20161114,649.6000,649.6000,649.6000,649.6000,0
20161115,643.6000,654.8000,621.5500,646.3000,6595000
20161116,634.1500,661.0500,629.1500,650.0000,3657700
20161117,635.5000,643.8000,621.1500,635.0000,4539800
20161118,642.5500,646.7500,634.0000,636.1500,3661500
20161121,633.8500,647.5000,630.0500,646.7000,3136000
20161122,640.9000,644.6000,634.0000,634.5000,2862400
20161123,633.9000,643.0000,624.4000,640.0000,3069800
20161124,638.1000,643.9000,626.5500,628.1000,2679500
20161125,639.4000,647.3000,635.2000,641.0000,1483800
20161128,651.3000,663.7500,640.0500,641.0000,4149300
20161129,643.8000,657.6500,642.0000,653.0000,2561400
20161130,643.9500,651.0000,635.6000,645.5000,25612900
20161201,628.9000,640.0000,618.5500,636.8000,3216200
20161202,608.1500,624.7000,605.4500,620.0000,4917500
20161205,604.2000,616.9500,598.1500,604.9000,2722100
20161206,612.9500,615.9500,605.1000,608.0000,2257500
20161207,632.1500,634.0000,615.4000,616.0000,2675700
20161208,638.0500,641.8500,632.2000,641.0000,1782700
20161209,634.6500,638.0000,625.3000,637.8000,2156600
20161212,611.8500,631.8000,610.0000,627.9000,2132800
20161213,628.6500,631.0000,609.5000,612.1000,1562100
20161214,620.6000,633.0000,618.1500,626.9000,1620600
20161215,615.6500,630.8000,608.4000,619.9000,2777000
20161216,611.1000,616.7500,604.0000,610.0000,2257000
20161219,611.8500,623.0000,610.1000,618.9000,1995500
20161220,612.0500,618.0500,609.1500,614.4000,1922800
20161221,613.8000,616.3500,602.4000,611.6000,2150400
20161222,610.7500,615.6500,605.9000,614.8000,841200
20161223,610.9000,616.2500,607.2500,609.7500,849000
20161226,602.2500,611.0500,600.4000,611.0000,815300
20161227,615.5500,616.9500,601.2000,603.0000,1109000
20161228,615.1500,619.5000,610.3500,616.0000,2335900
20161229,639.6500,645.0000,614.0500,615.5000,4990800
20161230,635.5000,638.4500,630.0000,635.5500,1558700
20170102,640.5000,644.7500,637.4000,640.0000,1126700
20170103,650.5500,658.0000,636.6000,644.0000,3157300
20170104,655.4500,660.9000,641.8500,649.8000,2785400
20170105,672.7000,674.4500,653.0000,654.5000,2480400
20170106,664.8500,681.0000,661.5500,671.0000,1651100
20170109,653.1000,667.6500,651.0000,664.2500,1173500
20170110,660.3000,676.0000,658.3000,659.7500,1963200
20170111,660.9000,666.0000,654.7000,662.0000,1672900
20170112,659.3000,668.7000,657.1500,662.0000,1049000
20170113,657.6500,664.9000,651.0000,664.9000,1185400
20170116,668.1000,671.1000,655.6000,662.6500,1311000
20170117,664.9500,672.4500,662.0500,669.9500,879000
20170118,655.4500,664.1500,650.3000,664.1000,2106100
20170119,673.9000,676.7000,654.1000,657.1000,1817800
20170120,664.7500,676.0000,662.0000,672.0000,1363100
20170123,677.0500,682.0000,661.5000,662.0000,1700400
20170124,682.4000,688.2000,673.7000,677.0000,1855400
20170125,711.2000,718.3000,677.6500,686.0000,3631000
20170126,711.2000,711.2000,711.2000,711.2000,0
20170127,704.7500,726.8000,691.3000,713.0000,1911200
20170130,704.6500,708.0000,694.7000,706.4000,976200
20170131,681.6500,705.5000,677.0500,705.5000,2274500
20170201,692.7500,697.2000,673.2000,682.0500,1842900
20170202,701.9000,713.0000,694.4000,695.0000,1594100
20170203,698.6000,701.8000,688.8000,701.0000,1632100
20170206,705.3500,711.3000,699.0000,703.4000,1210800
20170207,716.6500,722.9500,704.0500,707.7000,2278900
20170208,720.5000,727.0000,714.1000,718.7000,2335000
20170209,726.8500,729.0000,721.0500,725.0000,1978200
20170210,715.5500,733.0000,712.0000,733.0000,2511300
20170213,714.5500,718.9000,710.0500,715.0000,965800
20170214,692.0500,716.8000,686.8000,716.7000,1815600
20170215,674.7000,699.8000,668.0000,692.0000,3226800
20170216,669.4000,677.1500,662.0000,670.5500,3426800
20170217,679.0000,683.4500,665.0500,670.6000,1945600
20170220,700.2500,702.0000,680.0500,682.5000,1947000
20170221,703.9500,717.0000,701.1000,705.0000,1625600
20170222,714.3000,718.0000,703.6000,705.0000,2467500
20170223,717.6500,721.6500,706.6500,715.0000,3012400
20170224,717.6500,717.6500,717.6500,717.6500,0
20170227,707.7000,724.8000,700.9000,714.0000,2186400
20170228,670.0500,694.9000,668.0000,690.0000,5014100
20170301,659.4500,676.9000,653.4000,675.0000,3655200
20170302,635.1500,665.4000,630.8500,661.9500,5939500
20170303,632.8000,635.4000,615.2500,633.9000,7891400
20170306,637.5500,643.4000,632.4000,637.3000,3298600
20170307,645.9000,648.7000,638.8000,641.0000,2302700
20170308,639.0000,650.3500,630.1000,645.5000,2149000
20170309,632.0000,644.4000,630.4500,644.1500,2103600
20170310,623.3500,636.9500,620.1000,635.9000,2435400
20170313,623.3500,623.3500,623.3500,623.3500,0
20170314,636.7000,641.0000,629.0000,636.0000,3122000
20170315,636.5000,643.8500,632.8500,635.2500,1504200
20170316,647.7500,649.4000,637.0500,639.0000,1874800
20170317,642.1000,650.0000,638.0500,650.0000,2234600
20170320,643.6000,648.0000,635.3500,640.0000,1194200
20170321,641.9000,649.0000,633.8000,642.0000,1860300
20170322,645.0000,648.5000,628.0500,636.6500,1964100
20170323,655.0500,660.0000,648.1000,655.0000,3828800
20170324,649.7000,652.0000,645.1000,650.0000,1835100
20170327,643.1500,653.9000,640.9500,649.8000,1863300
20170328,645.9500,648.4000,640.0000,641.5000,1141700
20170329,643.1000,650.5000,641.0500,647.5000,1387900
20170330,640.6500,646.5000,638.4500,643.1000,3104200
20170331,649.8500,658.0000,642.0500,644.0000,2458300
20170403,638.4000,649.5500,636.6000,649.0000,1008800
20170404,638.4000,638.4000,638.4000,638.4000,0
20170405,637.7500,643.3000,631.2000,643.2000,3364400
20170406,646.2000,647.6000,632.5000,637.8000,1842200
20170407,675.3500,679.5000,642.5500,643.0000,5260300
20170410,700.3000,704.8500,680.0000,680.0000,5161000
20170411,710.4000,713.6000,700.2000,703.9000,3565900
