20160516,718.9500,725.6000,716.1500,725.5500,1616500
20160517,732.3000,739.0000,720.0000,720.0000,3917300
20160518,742.2500,744.6000,727.0000,732.0000,2124500
20160519,730.1000,744.0000,727.5000,738.0000,1745300
20160520,736.6500,740.0000,729.0000,729.0000,1923300
20160523,733.5500,739.8500,732.0000,738.3500,1038200
20160524,739.2500,741.4500,730.0500,735.0000,1395000
20160525,749.3500,750.4000,740.1500,742.0000,1686700
20160526,740.9000,752.0000,736.6500,751.0500,3231100
20160527,757.6000,759.7000,742.6000,742.6000,3045000
20160530,747.5500,763.7000,745.2000,761.1000,1593300
20160531,739.8000,753.3500,736.3500,748.0000,15048100
20160601,734.5500,744.3500,731.7000,744.0000,2246700
20160602,721.3500,739.6000,715.5000,735.0000,4293800
20160603,721.9000,726.4500,720.7000,725.3000,1503300
20160606,724.6000,728.7000,715.6000,722.0000,2040500
20160607,726.7000,731.4500,721.6000,728.0000,2492100
20160608,743.5000,745.0000,728.3500,729.0000,1900300
20160609,753.0500,755.9000,744.0000,748.7000,2778800
20160610,751.0500,758.0000,745.9500,750.0000,5785800
20160613,753.6500,756.0000,741.7000,745.0000,2065100
20160614,752.4000,764.9500,744.0500,755.0000,1646300
20160615,755.2000,757.3000,749.9500,751.0000,979200
20160616,751.7000,754.0000,742.5000,752.5500,1133100
20160617,753.6500,755.0000,747.8500,750.0000,2717000
20160620,770.6500,781.4500,747.8500,749.9500,4132600
20160621,770.1000,775.8000,766.2000,768.5000,1466400
20160622,770.4500,774.0000,766.3000,774.0000,1567000
20160623,769.8000,772.0000,762.0000,770.0000,1292200
20160624,741.8500,746.7000,723.3000,743.9500,3081600
20160627,735.0500,749.0000,721.0000,730.2000,1443700
20160628,713.2000,737.5000,711.1500,729.0000,2842600
20160629,728.4500,729.9500,708.0000,715.7000,2483200
20160630,730.4500,735.4500,726.4000,729.2000,2396900
20160701,731.7000,736.8000,730.0000,735.0000,1011800
20160704,748.3500,750.0000,734.0500,735.0000,1631800
20160705,738.4000,748.0000,732.2000,748.0000,1867800
20160706,738.4000,738.4000,738.4000,738.4000,0
20160707,717.1000,741.0000,715.7500,741.0000,3432500
20160708,721.8500,725.7500,715.0000,715.0000,851300
20160711,716.8000,726.6000,715.0500,722.0000,2124300
20160712,721.3500,723.3000,716.0500,718.0000,1614900
20160713,720.0000,724.0000,716.6000,722.5000,3356500
20160714,728.2500,729.9000,719.6000,721.5000,1084300
20160715,717.5000,740.0000,710.2500,732.9000,2967500
20160718,722.5000,724.7000,715.0000,722.2000,928600
20160719,730.1500,731.7000,717.7500,717.7500,1734700
20160720,730.0000,731.9000,716.6000,724.9000,1222200
20160721,723.5500,730.9000,720.1500,730.0000,885000
20160722,729.2000,730.0000,721.6000,725.0000,914300
20160725,740.4000,741.0000,725.0000,729.5000,1488300
20160726,745.2500,747.4000,736.2500,738.9000,1349100
20160727,753.5000,754.9000,742.5000,747.0000,1677200
20160728,750.8000,758.9500,746.1000,757.5000,2277000
20160729,752.9500,758.0000,745.5000,749.0000,847300
20160801,780.4500,791.0000,752.5000,753.0000,3026500
20160802,800.7500,804.9000,781.1500,785.8500,4700000
20160803,826.1500,858.5000,816.3500,857.0000,9552500
20160804,823.8500,836.0000,820.1000,833.0000,1485800
20160805,821.7500,831.4500,817.3000,824.8000,1300300
20160808,819.1000,829.4000,811.6000,822.0000,1514500
20160809,816.8500,824.6000,811.0500,821.0000,1240300
20160810,818.1500,820.0000,805.5500,816.7500,1152600
20160811,824.5500,827.4500,813.8000,820.0000,1739600
20160812,814.2000,835.5000,807.0000,826.0500,1651500
20160815,814.2000,814.2000,814.2000,814.2000,0
20160816,792.3500,823.8000,785.5500,813.2000,2244700
20160817,784.5500,800.8500,782.0000,790.0000,2367800
20160818,785.8000,792.4000,780.1000,789.8000,1541700
20160819,781.8500,794.4000,779.6000,785.0000,1309100
20160822,772.2500,787.3500,765.0000,784.9500,1346700
20160823,791.0000,795.8500,771.6000,776.0000,1707600
20160824,790.3500,798.3500,781.1000,795.0000,1208700
20160825,798.0500,805.0000,794.0500,798.0000,2212900
20160826,778.7500,800.4500,772.8000,798.0000,1662000
20160829,755.1000,782.9500,751.1000,782.9500,1530400
20160830,773.9000,775.7500,753.9000,756.0000,2160200
20160831,778.5500,793.4500,773.0500,774.0000,2792100
20160901,783.8000,789.5500,779.1000,781.3000,1298700
20160902,784.5500,787.5000,779.1000,786.9500,1131800
20160905,784.5500,784.5500,784.5500,784.5500,0
20160906,785.6000,788.3000,774.7000,780.2500,1522200
20160907,787.1000,807.0000,783.0000,791.9000,1789600
20160908,773.9500,781.9000,750.5000,781.5000,2579300
20160909,780.5500,789.5000,773.0000,774.0000,1467000
20160912,782.7000,792.1000,770.0000,772.0000,2385200
20160913,782.7000,782.7000,782.7000,782.7000,0
20160914,776.3500,794.6500,775.0000,784.6500,1623500
20160915,779.0000,784.5000,775.0000,782.9500,953400
20160916,786.3500,790.9500,774.0000,782.0000,2159400
20160919,789.0500,798.2000,781.9000,790.0000,1883200
20160920,792.0500,795.7500,784.5000,794.9500,1515600
20160921,792.6000,798.0000,788.5000,793.9500,1403000
20160922,788.8500,799.9500,783.8000,799.0000,1117300
20160923,797.2500,804.0000,792.4000,794.6500,2605700
20160926,788.9500,796.9500,785.6500,795.0500,1825900
20160927,795.8500,799.8000,784.0000,788.9500,1631500
20160928,796.3000,801.9000,790.0000,798.0000,1533100
20160929,791.0500,804.6000,781.3000,799.0000,2846300
20160930,799.9000,804.0000,787.0000,797.0000,1831300
20161003,808.6000,812.0000,794.4000,805.0000,1516800
20161004,818.1500,821.0000,810.0000,812.5000,1506600
20161005,816.0000,823.2500,806.2500,818.2500,798400
20161006,801.5500,816.7500,797.2000,816.0000,1588700
20161007,806.5500,809.4500,785.3000,802.1500,767900
20161010,813.0000,815.8500,802.0000,802.0000,769200
20161011,813.0000,813.0000,813.0000,813.0000,0
20161012,813.0000,813.0000,813.0000,813.0000,0
20161013,803.3000,825.1000,790.6500,809.8000,2076000
20161014,812.7000,822.5000,799.8500,804.0000,1376100
20161017,808.4000,818.0000,803.0000,817.6000,740000
20161018,834.8000,836.4000,812.0000,812.0000,1326900
20161019,830.5500,841.6500,826.0000,834.6000,2139200
20161020,815.5500,833.0000,812.0500,829.5500,2488700
20161021,831.7500,848.7000,821.2500,823.0000,5141200
20161024,810.6500,836.9000,808.6500,831.2500,1707200
20161025,804.5500,811.5000,802.5000,806.7500,1734500
20161026,790.8500,803.8500,787.6000,801.7000,1611700
20161027,774.3000,786.6500,771.3000,784.8000,2025300
20161028,763.1500,781.2000,760.0000,774.1500,2711400
20161031,763.1500,763.1500,763.1500,763.1500,0
20161101,772.9000,776.4000,767.0000,771.8000,1098100
20161102,764.3000,773.0000,763.0000,765.0000,1027000
20161103,763.1000,769.2500,760.5000,765.9000,1203300
20161104,794.7500,799.0000,763.0000,763.0000,2841600
20161107,817.2000,827.5000,794.9000,800.0000,2993700
20161108,809.0000,815.9000,791.2500,811.0000,1257300
20161109,784.8500,797.7500,763.1500,765.0000,2648300
20161110,789.6500,805.8000,776.0000,790.0500,1822200
20161111,764.1000,793.0000,755.0000,784.8500,2521700
20161114,764.1000,764.1000,764.1000,764.1000,0
20161115,770.7500,787.0000,736.0000,765.0000,2628700
20161116,773.8500,787.9500,764.2500,776.0000,2281300
20161117,760.1500,776.0000,756.0000,766.0000,2688400
20161118,763.8500,778.9500,757.6000,757.6000,1841100
20161121,758.3500,779.5000,755.2000,765.0000,1077800
20161122,762.1000,767.5000,755.0500,765.0000,1031800
20161123,763.4500,768.7000,756.4500,763.0000,900800
20161124,767.8000,772.6500,753.0000,765.0000,2093700
20161125,801.9500,812.0000,770.0500,771.9500,2738600
20161128,806.0500,811.1500,790.3500,806.0000,1516500
20161129,805.3000,813.7000,799.3000,806.0000,823600
20161130,803.8000,810.4500,798.0000,810.0000,1531700
20161201,803.1000,806.5000,792.0000,803.9000,1256300
20161202,793.6000,816.9000,790.0000,801.7000,1051600
20161205,793.4000,801.4500,782.2000,789.5500,753600
20161206,780.9000,801.5000,778.4000,798.0000,778800
20161207,785.3500,789.1000,771.1000,786.7000,810800
20161208,794.8500,797.0000,783.0000,789.0000,1031800
20161209,803.3000,805.9000,783.2500,797.0000,1349700
20161212,799.8000,803.5500,790.6500,796.0000,1505500
20161213,800.9500,803.9000,791.2000,801.0500,938900
20161214,820.8000,824.3000,796.2500,806.1000,1860500
20161215,832.1500,840.0000,822.0000,822.0000,2800800
20161216,820.6000,835.8000,815.2000,835.8000,1316400
20161219,824.7000,826.9000,815.0000,820.6000,1074000
20161220,830.1500,834.1500,824.3500,825.0000,1402200
20161221,820.8000,836.8000,816.3000,835.0000,1031800
20161222,817.1000,822.9000,806.0000,818.3000,791200
20161223,793.7500,816.0000,791.0000,816.0000,1452600
20161226,790.4000,797.8000,783.3000,791.9000,558500
20161227,804.8500,809.9000,787.0000,788.9000,505700
20161228,807.0500,817.7500,804.1500,810.0000,717200
20161229,819.3500,824.9000,805.3000,807.1000,1780000
20161230,827.9500,830.0000,814.9000,822.0000,1025900
20170102,828.5000,834.0000,822.3000,823.0000,421200
20170103,835.1500,837.0000,823.5000,831.0000,718500
20170104,856.9500,860.0000,833.0500,835.5500,2116800
20170105,844.6500,869.7500,840.1000,860.0000,2078800
20170106,814.4000,840.3000,806.7500,835.0000,2795700
20170109,838.3000,840.1500,805.9500,806.5000,1919700
20170110,837.8500,844.0000,834.5000,842.7000,1306900
20170111,833.2500,844.5000,826.7500,839.5000,1383000
20170112,847.7000,849.9000,830.0500,830.0500,1645200
20170113,850.2500,857.9500,838.6000,850.2000,2286900
20170116,830.5500,847.9000,826.8000,847.9000,1214600
20170117,837.7500,843.5000,827.0000,827.0000,2049600
20170118,844.0500,845.5500,836.2500,837.5000,1084300
20170119,844.1500,851.4500,837.6000,844.0000,1056000
20170120,838.7500,845.0000,833.7000,840.0000,1109800
20170123,857.3000,860.5000,828.0000,834.0000,1984500
20170124,848.8000,854.0000,826.9000,842.0000,3695300
20170125,841.2500,857.3000,837.5500,853.0000,1927800
20170126,841.2500,841.2500,841.2500,841.2500,0
20170127,844.2000,849.9000,840.6500,844.0000,1349500
20170130,840.2500,842.4000,828.1000,831.1000,949500
20170131,811.1500,837.3000,787.1000,835.2500,4822500
20170201,813.9500,819.5000,778.6500,805.0000,4516600
20170202,827.1500,834.1000,810.1500,814.0000,1880000
20170203,830.7500,835.7000,816.8500,825.0000,1128500
20170206,824.1000,836.5000,816.6000,835.0000,1092500
20170207,815.7000,827.7000,812.0000,824.0000,1302500
20170208,808.5000,819.0500,804.7500,819.0000,1412400
20170209,819.7000,822.3000,802.0500,810.9500,1565100
20170210,828.4000,830.0000,812.3000,822.1000,1775400
20170213,827.3000,833.6500,821.0000,831.0000,604600
20170214,832.0000,834.4500,824.5000,829.2000,1123200
20170215,830.3000,838.6000,822.6000,832.0000,997800
20170216,845.0000,846.9000,827.2500,827.2500,1720600
20170217,839.2500,850.0000,831.1000,850.0000,1039800
20170220,844.0000,847.0000,837.2500,842.0000,665500
20170221,851.3000,862.5000,844.1000,844.1000,1537000
20170222,834.2000,865.0000,830.5500,852.3000,1743600
20170223,842.8500,851.0000,835.0000,835.0000,3388000
20170224,842.8500,842.8500,842.8500,842.8500,0
20170227,839.9500,851.3500,836.0500,844.9000,1192600
20170228,840.1000,846.0000,835.8500,844.0000,1143000
20170301,849.1000,851.0000,839.5500,843.0000,1096800
20170302,843.7500,853.5000,839.3000,850.0000,867800
20170303,852.9000,854.8000,835.1500,844.0000,856200
20170306,855.5500,867.7000,846.1000,850.7000,1542300
20170307,857.3500,861.7000,852.2000,861.7000,747000
20170308,847.7000,858.0000,844.2500,857.0000,729200
20170309,844.3500,854.0000,842.3500,854.0000,766900
20170310,846.3500,858.0000,840.9000,849.3500,706300
20170313,846.3500,846.3500,846.3500,846.3500,0
20170314,853.6000,865.0000,850.0000,865.0000,1585800
20170315,842.9000,855.9000,837.2500,850.5000,1239200
20170316,855.4000,863.9000,849.6000,860.8000,1845200
20170317,865.7500,871.0000,853.0000,857.2500,1993500
20170320,864.3500,879.0000,861.1500,871.9500,1696400
20170321,859.3000,874.4000,851.9500,865.0000,3683200
20170322,872.7500,874.7000,848.5000,850.7000,1682100
20170323,876.6500,880.0000,868.9500,871.0500,1424100
20170324,873.0500,876.5000,871.1500,872.3000,875500
20170327,852.1500,873.2000,847.0500,868.0000,1176900
20170328,859.9000,870.7500,852.1500,855.5500,898100
20170329,877.6000,879.5000,859.6000,865.4000,2121200
20170330,875.8500,881.7000,865.0500,870.0000,1463700
20170331,874.7500,890.1500,867.0000,884.0000,2157200
20170403,866.2500,878.2500,858.5000,874.1000,937300
20170404,866.2500,866.2500,866.2500,866.2500,0
20170405,850.5000,869.0000,846.4000,869.0000,1789300
20170406,853.5000,856.5500,847.0000,848.0000,1044900
20170407,849.3000,858.6000,846.9000,853.9000,1029800
20170410,833.0500,857.5000,831.0000,849.0000,742500
20170411,833.8000,838.0000,826.0000,835.0000,1310200
20170412,831.6500,834.9500,827.0000,831.3500,655900
20170413,809.1000,832.5000,805.4000,832.5000,1146600
20170414,809.1000,809.1000,809.1000,809.1000,0
20170417,810.8000,817.5000,800.1500,800.1500,702000
20170418,808.0500,819.9500,804.0000,812.0000,1014200
20170419,808.6000,819.5500,803.9500,806.5000,1318100
20170420,814.9000,815.9000,808.6000,810.7500,539800
20170421,812.7500,821.4500,807.8000,817.0000,890100
20170424,819.5500,824.0000,809.2500,813.0000,686900
20170425,819.9500,825.8500,813.6000,824.0000,1097300
20170426,800.2500,822.0000,796.5500,821.9000,959100
20170427,809.7000,820.0000,796.2000,797.0000,2820100
20170428,814.1000,820.0000,799.7500,812.9000,1397000
20170501,814.1000,814.1000,814.1000,814.1000,0
20170502,822.0500,825.4500,811.7000,816.1500,861300
20170503,835.1000,837.5000,821.0000,824.9500,994900
20170504,818.0000,842.6000,808.1500,836.1000,1379200
20170505,829.6000,832.0000,814.3000,820.9500,928400
20170508,840.2000,845.0000,825.7000,829.8500,790800
20170509,849.7500,854.8500,839.9500,845.0000,907200
20170510,843.6000,850.9000,838.1000,848.7500,757700
20170511,838.7000,858.8000,835.6000,857.8000,3514900
20170512,847.6500,848.2000,839.0500,840.0000,1647700
