20160516,223.7500,227.7000,217.7000,227.7000,19577500
20160517,225.9500,227.5000,222.2500,225.3500,17144900
20160518,226.4500,227.4500,221.8000,223.0000,15947100
20160519,225.5500,228.5000,224.2000,226.4500,14929100
20160520,220.1000,226.3000,219.6000,225.5000,13333200
20160523,221.1000,223.9000,220.3500,222.1000,12944900
20160524,224.5500,225.2000,221.6000,222.6000,9915900
20160525,235.0000,235.6000,226.6000,226.9500,18879900
20160526,241.1500,243.0000,233.0000,235.9000,30591600
20160527,243.1500,248.2000,238.1000,239.0000,24166000
20160530,244.5000,246.6000,238.8000,243.2500,14418300
20160531,244.6500,249.0000,241.3000,248.4500,16590200
20160601,240.0500,245.4500,239.1000,243.9000,10784200
20160602,241.3500,242.4000,237.6000,239.1000,13954100
20160603,243.7500,246.4000,242.0000,242.9000,15060600
20160606,243.5000,246.0000,242.0000,243.4000,10538200
20160607,254.1000,254.8500,244.7000,245.5000,23010300
20160608,257.6500,261.2000,252.8000,255.2000,22853900
20160609,254.5500,259.2500,253.2000,257.0000,12533800
20160610,252.6000,257.6500,251.5000,253.0000,12033100
20160613,243.7500,248.4000,242.4500,248.4000,12998000
20160614,244.9500,247.4500,244.3000,247.0000,10898800
20160615,247.9500,249.2000,241.6000,245.5000,14328700
20160616,239.0500,243.7000,238.0500,243.7000,15492700
20160617,238.4500,242.2000,235.1500,241.4500,13773500
20160620,238.1000,239.4500,233.6500,233.6500,16163900
20160621,237.8500,241.0000,236.2500,240.2500,11083300
20160622,239.0000,242.3500,235.8000,237.1000,12252700
20160623,240.9000,241.4500,236.0500,239.0500,7253800
20160624,230.9500,232.9000,221.1000,229.0000,30686900
20160627,232.7000,234.4000,229.3000,229.3000,11975400
20160628,233.1500,234.2000,230.0000,230.6000,10275200
20160629,236.6500,238.3000,234.2500,235.9000,7236300
20160630,240.5500,242.8000,239.3000,239.5000,15319100
20160701,240.3500,242.6500,239.5500,241.7000,8280700
20160704,248.1500,248.9500,241.9000,243.1000,9444700
20160705,245.1000,251.1000,244.5500,250.8000,9431900
20160706,245.1000,245.1000,245.1000,245.1000,0
20160707,244.8500,247.0500,244.0000,245.0000,7605400
20160708,241.9500,244.5000,239.5500,244.5000,6962000
20160711,249.8500,250.7000,246.6000,246.6000,8802100
20160712,261.7000,262.2000,250.7500,251.6000,25962300
20160713,261.1500,267.7000,259.1000,264.2500,25680800
20160714,268.6000,269.6000,259.6500,261.0000,12972100
20160715,265.7500,269.8500,263.4000,269.5000,10464000
20160718,263.4000,271.2500,262.5500,265.8000,13009300
20160719,269.1500,270.5000,263.2500,265.0000,13527300
20160720,267.5000,268.2000,265.4500,267.0000,7174700
20160721,261.9000,269.0000,261.3000,266.9000,10963900
20160722,263.4500,264.4000,258.8500,262.3500,7761400
20160725,268.6500,270.9500,260.7500,261.9000,10283200
20160726,261.6500,269.5000,260.1000,268.4500,10815200
20160727,270.6000,273.8000,262.8000,262.8000,23639900
20160728,272.0000,274.0000,270.4500,270.9000,8892300
20160729,262.9000,271.3500,262.0500,270.0500,19195400
20160801,249.5000,261.3000,248.2000,255.9000,38711800
20160802,245.3000,249.4500,245.0000,249.4500,18871600
20160803,242.1000,247.2500,240.5500,244.7000,16282100
20160804,240.3500,245.0500,236.6500,244.8500,27210400
20160805,245.9500,248.6500,244.1000,244.1000,14824800
20160808,245.2500,247.7000,244.5500,246.1000,10824400
20160809,245.3500,248.5000,244.5000,245.4000,11492700
20160810,239.3500,246.5500,238.1500,246.0000,11388900
20160811,242.7000,243.3500,237.5500,240.0000,8616200
20160812,245.9500,247.6000,241.2000,243.5000,10661300
20160815,245.9500,245.9500,245.9500,245.9500,0
20160816,248.5500,249.4500,243.8500,246.0000,11919500
20160817,247.6000,251.6000,245.2000,248.1000,11704600
20160818,252.9000,253.8000,247.7500,247.8500,18841200
20160819,253.9000,255.7000,251.5500,253.0000,13199500
20160822,252.2500,254.9500,248.7000,254.2500,8251600
20160823,250.2000,252.0000,248.7500,250.4500,9996200
20160824,248.4500,251.7000,247.8500,250.2000,8389400
20160825,246.9500,250.2000,246.1000,247.9500,13546600
20160826,245.3000,248.8000,243.2000,248.2000,10445800
20160829,250.5000,252.6500,244.6000,245.0000,8369600
20160830,256.2500,256.9000,252.0000,252.0000,13864500
20160831,258.0000,260.8500,257.0000,257.1000,15369100
20160901,260.9500,264.0000,258.7500,258.7500,16453500
20160902,261.3000,264.3000,260.2500,262.5000,7303600
20160905,261.3000,261.3000,261.3000,261.3000,0
20160906,272.7000,273.9000,262.7000,262.7000,21158200
20160907,278.1500,283.7500,272.1500,274.0000,32162800
20160908,276.3500,280.7000,275.5500,278.6000,11924000
20160909,274.1000,276.0000,270.1000,274.5500,15136200
20160912,268.2000,269.4500,262.7000,267.0000,18743000
20160913,268.2000,268.2000,268.2000,268.2000,0
20160914,271.4500,273.8000,266.3500,266.7000,15279800
20160915,270.6000,273.7500,268.2000,271.7000,11032100
20160916,267.3500,275.6000,266.3000,271.7500,29959500
20160919,271.6000,272.4000,267.8000,268.0000,13767600
20160920,272.1000,274.2000,269.3500,271.9000,10027600
20160921,269.9000,273.0000,266.9500,272.8000,11578800
20160922,275.5000,277.9000,272.3000,276.0000,13532900
20160923,271.2500,275.8500,269.9000,275.8000,16343200
20160926,262.5500,268.7000,261.8000,268.5000,14426100
20160927,260.0000,264.3000,259.0000,263.5500,15778900
20160928,260.7500,262.4500,259.0500,260.4000,16256100
20160929,250.3500,263.5000,243.3000,263.0000,43764200
20160930,252.1500,253.3000,246.9500,248.0500,13731700
20161003,256.1500,256.9000,250.1000,251.0000,16420200
20161004,258.2000,259.9500,254.9000,256.8500,14728400
20161005,255.4500,260.6000,254.6000,259.9500,14581400
20161006,251.2500,257.0500,249.2000,257.0000,12594900
20161007,250.6000,253.9000,248.2000,250.9000,9551500
20161010,250.1000,253.2000,249.1500,251.9000,6010100
20161011,250.1000,250.1000,250.1000,250.1000,0
20161012,250.1000,250.1000,250.1000,250.1000,0
20161013,241.1500,248.4000,239.1000,247.8000,18851600
20161014,241.7500,243.0000,239.7000,241.2000,9783400
20161017,258.7500,259.9000,245.5500,246.0000,62802200
20161018,270.3500,271.4000,259.5000,259.5500,38056000
20161019,265.0500,271.7000,263.2500,271.3500,18153400
20161020,277.6000,278.9000,267.1500,267.1500,32981900
20161021,277.4000,280.0500,274.1000,276.2500,23966200
20161024,284.5500,286.4500,279.1500,279.1500,20199400
20161025,289.2500,291.6000,284.6000,289.2000,22809700
20161026,278.4000,284.4500,277.0000,284.4500,27288800
20161027,284.3000,285.0000,275.0000,277.4000,18061800
20161028,276.8500,282.5000,275.5500,282.0000,16649200
20161031,276.8500,276.8500,276.8500,276.8500,0
20161101,275.3500,279.7500,274.5000,279.4500,10613900
20161102,271.9000,273.2500,268.7500,270.0000,13764200
20161103,269.7500,276.4000,268.4000,272.0000,11349700
20161104,269.8000,272.5000,265.3500,271.9000,14874000
20161107,278.7000,281.2000,272.5000,275.8000,17037200
20161108,283.2000,287.4500,278.2500,285.8000,31957900
20161109,281.4500,284.7500,245.0000,254.9000,46413600
20161110,292.6000,298.4000,286.7000,288.5000,26488600
20161111,276.4000,294.2500,274.5000,287.2500,30033300
20161114,276.4000,276.4000,276.4000,276.4000,0
20161115,269.7500,280.8000,266.1500,277.0000,34510400
20161116,266.2000,278.2000,264.2000,276.6000,24066500
20161117,267.6500,270.6500,264.0000,267.9500,13321900
20161118,264.6000,269.0000,262.3000,268.4500,9076300
20161121,261.2000,267.0000,254.8500,266.2000,19659800
20161122,262.7000,266.6000,259.3000,265.0000,21733400
20161123,264.9500,265.8500,260.5000,264.1000,15595300
20161124,259.3000,263.8000,258.0000,263.8000,20511900
20161125,260.1000,262.4000,257.0500,262.4000,15101500
20161128,255.3000,256.6500,253.5000,256.6500,29945200
20161129,255.4500,259.4000,254.3000,255.5000,29390600
20161130,265.5500,266.5000,255.9500,257.4500,18846400
20161201,259.1500,268.0000,257.7500,266.2500,14356400
20161202,259.5000,264.6000,255.8500,258.0000,11159400
20161205,260.8500,261.4000,257.8000,259.6000,7550000
20161206,261.0000,262.6500,259.5500,262.2500,7577400
20161207,258.7000,264.4000,251.0000,262.8000,12396000
20161208,262.7500,263.4000,258.4000,260.5500,10305600
20161209,268.4500,269.8000,263.0000,263.9500,15939300
20161212,264.8500,268.3000,263.8500,267.5000,6832600
20161213,264.4000,265.3500,262.5000,263.4000,9332300
20161214,260.5500,264.7000,260.0000,264.5000,13062700
20161215,260.3000,261.7000,257.7500,258.7000,21899600
20161216,255.6000,260.0000,254.8500,260.0000,22713000
20161219,257.1000,258.9500,254.7500,255.4000,6743300
20161220,251.6000,256.7000,250.2500,256.7000,10536300
20161221,253.2500,255.3500,251.2000,253.0000,6987000
20161222,252.9500,254.8000,250.6500,252.7000,8137700
20161223,251.8500,254.7500,250.1500,252.9500,6302300
20161226,248.1500,252.4500,247.1000,252.2500,6151900
20161227,253.5500,254.3500,246.7000,249.0000,8267700
20161228,251.7500,254.8000,251.0500,254.0000,8342500
20161229,251.1000,253.0000,250.0500,252.1000,5799600
20161230,255.3000,257.5000,251.3500,252.0000,10514300
20170102,251.9500,256.3000,248.1000,256.3000,9458500
20170103,254.4000,255.4000,249.3000,252.1000,9306000
20170104,251.1000,255.7500,250.4000,254.2500,6273800
20170105,257.2500,258.5000,252.2000,253.2000,12573300
20170106,258.1500,261.4000,257.2000,258.2500,8231900
20170109,258.7000,259.8500,256.0000,257.9000,7159300
20170110,260.2000,261.9000,258.3000,260.0000,13440000
20170111,264.7000,268.1000,261.6000,262.5000,17786900
20170112,268.3500,269.5000,265.4500,266.6000,10646600
20170113,268.0500,270.0000,264.8000,270.0000,7100300
20170116,269.3000,270.8500,264.8000,267.4000,8057800
20170117,268.4000,271.5000,265.5000,269.5000,6334600
20170118,268.4500,272.1000,266.7500,267.4000,9168700
20170119,269.7000,270.7000,266.2000,268.8000,7823300
20170120,263.4500,267.9500,262.5500,267.0000,11097300
20170123,257.5500,261.8000,255.1500,261.8000,39812100
20170124,257.1500,258.5500,255.6500,258.5500,24109100
20170125,259.9500,260.8000,255.6000,259.0000,37343700
20170126,259.9500,259.9500,259.9500,259.9500,0
20170127,272.0000,274.0000,260.7000,263.0500,81303296
20170130,270.8000,275.6000,269.7000,273.0000,15488600
20170131,268.9500,274.0000,266.4500,268.8000,18668300
20170201,281.0000,283.5000,262.8000,265.8500,40588400
20170202,285.8000,287.5000,280.5500,282.0000,26282600
20170203,281.5500,284.9500,278.8000,284.9500,18235300
20170206,290.3000,292.2500,283.5500,283.5500,20474400
20170207,288.1000,292.7000,285.3000,288.0000,11663000
20170208,285.8000,288.5000,282.7000,288.0000,15148100
20170209,285.0000,288.7500,278.6000,286.6000,15119200
20170210,281.6000,286.1500,280.1000,285.6000,15246700
20170213,281.6500,284.1000,279.5500,282.5000,11949400
20170214,284.6500,285.9000,281.3000,283.0000,11717400
20170215,280.7500,286.4000,278.6000,285.2000,13109700
20170216,278.8000,281.4500,272.8500,281.3000,18416200
20170217,283.0000,286.1000,275.8500,279.7000,25905700
20170220,282.3500,286.1500,281.1000,283.0500,9043200
20170221,284.8000,285.8000,281.2000,283.0000,10262300
20170222,286.1500,287.9000,281.1500,287.9000,27988400
20170223,284.5000,288.7500,282.0500,284.7000,23181000
20170224,284.5000,284.5000,284.5000,284.5000,0
20170227,278.8500,285.5500,277.1000,285.0000,13670800
20170228,276.3500,280.1000,275.7000,278.9500,16527100
20170301,279.1000,280.9500,277.2500,277.6000,18166500
20170302,278.6500,284.5000,277.0000,282.0500,18219000
20170303,275.9500,278.9000,275.0500,278.6000,8414600
20170306,276.7500,279.3500,275.5000,275.9500,11422700
20170307,276.0000,279.2500,275.0000,277.0000,8287500
20170308,274.4000,276.5500,272.1000,276.2000,11790600
20170309,273.5000,275.9500,272.6000,274.0000,10588900
20170310,270.5500,276.5000,269.4000,275.1500,14317400
20170313,270.5500,270.5500,270.5500,270.5500,0
20170314,287.2500,288.2000,281.1000,281.1000,39532700
20170315,285.1500,287.0000,284.1000,285.9000,12195300
20170316,284.5000,287.4500,282.4500,286.5500,9738300
20170317,280.6000,286.7000,279.6500,286.1000,22742000
20170320,275.0500,279.7000,274.0000,279.7000,11048300
20170321,272.0500,276.8000,271.1000,276.0000,14821800
20170322,265.0000,268.7500,264.5000,267.9000,22303600
20170323,266.9500,268.2500,264.8000,266.5000,12008600
20170324,274.7500,276.8500,269.6500,269.6500,17479300
20170327,273.1500,280.0000,272.2000,280.0000,11219600
20170328,277.0000,277.5500,275.1000,277.0000,12621800
20170329,282.2000,282.8000,276.6500,278.9500,17191600
20170330,281.3500,283.2500,279.7500,281.2500,15039100
20170331,276.8500,282.9000,275.7000,280.3500,17947100
20170403,286.7000,287.4000,276.8500,278.8000,18590500
20170404,286.7000,286.7000,286.7000,286.7000,0
20170405,284.8500,286.5000,282.9000,286.5000,9608600
20170406,280.8500,283.7000,279.2500,281.9000,15468100
20170407,277.3500,283.0000,275.7500,280.1000,17267300
20170410,277.6500,279.0000,276.1000,278.4000,9450300
20170411,283.6500,284.2500,276.7500,278.3000,12486100
20170412,280.8000,285.9500,278.1500,283.8000,16593500
20170413,282.8000,285.8000,279.4000,280.3000,13798900
20170414,282.8000,282.8000,282.8000,282.8000,0
20170417,282.4000,285.7000,280.5000,283.0000,7500700
20170418,283.4000,291.6000,282.5500,283.4000,17338200
20170419,280.5500,285.0000,278.8500,283.4000,13808700
20170420,272.7500,276.2500,271.8000,274.9500,29011100
20170421,269.1500,273.8000,267.0000,272.6500,16514400
20170424,268.6500,271.3500,265.2000,269.8000,22198300
20170425,272.5000,273.3000,270.0000,272.0000,12441000
20170426,276.9000,277.9500,273.0000,274.0000,13823100
20170427,274.1500,277.0500,273.3500,276.9500,13554100
20170428,278.5000,279.4000,272.9000,273.5000,8515900
20170501,278.5000,278.5000,278.5000,278.5000,0
20170502,275.6000,280.8500,275.0000,280.2000,15254700
20170503,272.7500,277.0500,271.2500,275.9000,22004700
20170504,297.8000,299.7500,283.8500,291.6000,111019000
20170505,298.5500,301.7500,294.4500,300.0000,43808400
20170508,302.9500,308.1500,300.0000,300.0000,27588900
20170509,300.6000,305.3500,298.4000,304.3000,13812800
20170510,298.6500,302.6500,297.3500,301.1000,13686200
20170511,300.2000,302.5000,299.5500,301.7000,9328200
20170512,296.5500,300.5500,293.3000,300.0000,15095400
