20160412,797.0000,803.0000,742.4500,745.0000,254100
20160413,805.5500,816.0000,795.0500,797.1500,217300
20160414,805.5500,805.5500,805.5500,805.5500,0
20160415,805.5500,805.5500,805.5500,805.5500,0
20160418,803.4000,813.8000,795.1500,804.0000,76900
20160419,803.4000,803.4000,803.4000,803.4000,0
20160420,807.9000,811.0000,800.0000,802.0000,42300
20160421,825.1000,826.3000,801.5000,802.0000,205900
20160422,824.9000,832.0000,822.0000,830.0000,91400
20160425,815.4500,821.0500,810.0000,811.0000,66200
20160426,815.4500,824.4000,814.4000,815.0500,74600
20160427,815.2000,824.0000,802.6000,802.6000,44300
20160428,816.3000,832.0000,808.0000,816.0000,25500
20160429,842.5000,845.9000,813.9500,821.6500,90800
20160502,826.4500,839.0000,820.3000,830.0500,32000
20160503,844.1500,850.0000,820.3500,820.3500,66500
20160504,848.8000,858.0000,832.0000,832.0000,62100
20160505,836.3000,854.9500,832.1000,850.0000,21600
20160506,829.4500,855.0000,821.0000,830.0500,72800
20160509,843.4000,849.3000,828.0000,828.0000,45900
20160510,830.7000,846.2500,829.0000,840.0500,12000
20160511,844.1000,857.5000,825.2500,825.2500,32100
20160512,840.5500,846.8500,827.1000,845.0000,170000
20160513,840.7000,855.0000,836.5000,836.5000,45200
20160516,840.2500,849.6000,830.0000,830.0000,14000
20160517,838.8000,848.0000,836.3500,846.0000,16000
20160518,836.4000,849.8500,831.6000,849.8500,13100
20160519,843.0500,849.0000,838.0000,849.0000,60300
20160520,870.6000,899.0000,840.0500,849.0000,270500
20160523,842.6000,878.6500,836.1000,876.4000,75700
20160524,842.1500,857.9500,837.0000,846.0500,18100
20160525,849.7500,861.9500,844.0000,861.7500,84900
20160526,843.4500,856.0000,838.9000,848.3500,32100
20160527,840.4000,865.0000,822.6000,854.6000,379500
20160530,843.8500,849.4500,831.1000,831.1000,24300
20160531,883.5500,891.0000,841.0500,841.0500,112600
20160601,903.2500,910.0000,877.8000,892.0000,379000
20160602,900.6000,906.0000,884.5000,900.1000,47700
20160603,892.4500,905.0000,885.0000,904.9000,96500
20160606,886.7500,897.9500,884.5000,889.5000,30700
20160607,915.1000,935.0000,881.6000,887.7000,104200
20160608,939.5000,945.5000,906.7500,919.4000,223500
20160609,904.0500,942.8000,901.2000,939.7000,72300
20160610,935.8500,944.8000,898.4000,898.4000,211700
20160613,950.6500,955.0000,916.3000,934.9000,161000
20160614,959.3500,974.0000,955.0000,959.7500,138300
20160615,962.7500,979.8000,955.0000,960.0000,58500
20160616,934.6500,961.0500,930.9500,961.0000,88200
20160617,954.9000,960.0000,940.0000,942.8000,69500
20160620,949.0500,960.0000,933.5500,950.0000,25400
20160621,950.4500,965.0000,945.0000,960.2000,113700
20160622,949.3500,965.4000,946.8000,965.4000,120500
20160623,950.3500,974.4500,932.0000,960.0000,49900
20160624,947.2000,957.0000,885.0500,940.0000,97900
20160627,950.1500,960.0000,936.0000,936.0000,82200
20160628,949.9500,978.0000,942.5500,957.3500,97400
20160629,979.7500,996.3000,971.5500,990.0000,247200
20160630,1010.7000,1074.0000,985.0000,985.0000,829200
20160701,1024.5000,1054.9500,1015.7500,1019.6500,330000
20160704,998.9000,1055.0000,993.0000,1032.0000,350200
20160705,1010.6500,1025.0000,996.0000,1007.7500,156000
20160706,1010.6500,1010.6500,1010.6500,1010.6500,0
20160707,993.1500,1045.0000,985.1500,1025.9000,299600
20160708,998.5500,1004.9000,966.6000,999.0000,204600
20160711,992.5000,1018.0000,988.0000,1018.0000,164400
20160712,1011.1500,1018.4000,980.7000,996.0000,260400
20160713,991.4500,1011.0000,985.2000,1002.0000,87900
20160714,1017.7500,1025.9000,990.1000,990.1000,256400
20160715,1009.1000,1021.0000,1001.4000,1021.0000,93400
20160718,1030.7500,1036.0000,1004.0000,1005.0000,170600
20160719,1117.2500,1149.0000,1034.0000,1053.9000,770200
20160720,1069.1000,1140.0000,1061.0000,1131.8000,664500
20160721,1095.6000,1102.0000,1050.1000,1066.0500,434400
20160722,1067.7000,1123.0000,1056.3000,1107.6000,430700
20160725,1099.3500,1103.0500,1058.0000,1067.7000,261200
20160726,1096.8500,1120.0000,1085.0000,1090.2500,223500
20160727,1126.1500,1141.7000,1098.0000,1101.0000,300900
20160728,1142.7500,1178.0000,1115.3000,1115.3000,236100
20160729,1141.2500,1170.0000,1132.3000,1144.0000,511800
20160801,1123.1500,1152.9000,1101.5500,1152.9000,97500
20160802,1109.7500,1133.9500,1095.2500,1132.9000,165000
20160803,1097.7500,1129.9000,1091.5000,1109.9000,176200
20160804,1106.7000,1119.9500,1091.1500,1110.1000,122900
20160805,1218.3500,1254.8000,1109.5500,1115.0000,808800
20160808,1191.9500,1230.0000,1181.0000,1228.0000,133300
20160809,1228.9000,1250.0000,1170.0000,1195.0000,165500
20160810,1183.6000,1235.8000,1176.3000,1228.0000,179000
20160811,1185.1000,1209.5500,1175.0000,1191.3000,122200
20160812,1203.7500,1219.2500,1187.5000,1194.0000,154500
20160815,1203.7500,1203.7500,1203.7500,1203.7500,0
20160816,1180.7500,1214.5000,1175.0000,1210.9500,170400
20160817,1226.8000,1233.6500,1190.0000,1192.0000,170100
20160818,1228.1000,1242.0000,1218.0000,1232.0000,80300
20160819,1223.5500,1237.0000,1212.0000,1229.9000,46400
20160822,1187.8000,1231.0000,1183.0000,1223.5500,62500
20160823,1181.9500,1207.2500,1175.3500,1187.1000,61700
20160824,1180.5500,1194.3500,1173.0000,1185.0000,49500
20160825,1197.4500,1216.9000,1179.0000,1179.0000,113200
20160826,1184.7000,1208.7000,1180.1500,1208.6500,46900
20160829,1174.8000,1187.7000,1170.0000,1187.7000,64900
20160830,1174.8000,1197.0000,1165.2500,1183.0000,143500
20160831,1187.8000,1193.5000,1173.9500,1174.8500,85500
20160901,1185.4500,1194.6500,1175.3000,1189.4000,108100
20160902,1273.4500,1296.0000,1220.0000,1220.0000,1142600
20160905,1273.4500,1273.4500,1273.4500,1273.4500,0
20160906,1261.0000,1280.0000,1250.5000,1280.0000,128000
20160907,1241.6500,1334.8000,1221.5000,1266.0000,625000
20160908,1237.9000,1264.0000,1229.0000,1250.2000,111200
20160909,1219.7500,1255.0000,1205.7500,1246.9500,89100
20160912,1179.2500,1210.1000,1170.3500,1210.0000,120800
20160913,1179.2500,1179.2500,1179.2500,1179.2500,0
20160914,1173.6000,1206.9500,1165.0000,1179.2500,322900
20160915,1158.6500,1192.0000,1149.6500,1185.0000,101800
20160916,1185.0000,1198.0000,1167.4000,1170.0000,145500
20160919,1181.2500,1195.4500,1169.0500,1195.4500,48600
20160920,1228.6500,1242.9500,1180.9000,1190.0000,210800
20160921,1234.3500,1253.2000,1211.4500,1224.4000,104100
20160922,1240.4500,1258.0000,1225.3500,1245.0000,91300
20160923,1248.0500,1260.0000,1237.8000,1237.8000,68400
20160926,1207.8000,1247.0000,1205.0000,1230.0000,190800
20160927,1220.9000,1228.0000,1210.3500,1218.4500,88600
20160928,1217.6000,1228.8000,1205.0000,1219.9000,73500
20160929,1192.9500,1231.0000,1055.5500,1229.3500,167900
20160930,1185.2000,1209.9500,1172.4500,1198.0000,68600
20161003,1235.5000,1251.9000,1194.6500,1203.0000,137900
20161004,1241.5000,1254.9000,1235.5000,1247.8000,108200
20161005,1205.4500,1247.0000,1194.9000,1245.0000,139600
20161006,1181.3500,1218.0000,1176.0000,1210.0000,74800
20161007,1169.1000,1189.5500,1151.0000,1184.4000,97300
20161010,1186.8500,1199.0000,1171.6000,1179.0000,85800
20161011,1186.8500,1186.8500,1186.8500,1186.8500,0
20161012,1186.8500,1186.8500,1186.8500,1186.8500,0
20161013,1187.1000,1198.9500,1175.0000,1180.0000,102600
20161014,1184.7000,1200.0000,1163.0500,1199.0000,122000
20161017,1201.8000,1210.0000,1177.6000,1187.9000,66100
20161018,1205.2000,1215.9500,1200.8000,1210.0000,47300
20161019,1200.7500,1219.0000,1199.9500,1207.3000,59000
20161020,1224.3500,1230.0000,1201.1500,1211.0000,70200
20161021,1228.0500,1239.9000,1211.8000,1234.5000,55600
20161024,1217.8500,1240.0000,1212.0000,1228.0500,46000
20161025,1224.1500,1236.8500,1218.0000,1218.0000,53500
20161026,1232.9500,1258.0000,1212.3000,1230.8500,75400
20161027,1214.1500,1240.0000,1199.1000,1232.3000,213600
20161028,1225.6500,1237.3500,1218.9500,1218.9500,79900
20161031,1225.6500,1225.6500,1225.6500,1225.6500,0
20161101,1234.9500,1247.5000,1213.1000,1213.1000,84200
20161102,1207.6000,1225.4000,1200.0000,1215.0000,76700
20161103,1207.3000,1224.0000,1201.1000,1215.0000,41600
20161104,1230.4500,1242.1000,1204.0000,1205.0000,77900
20161107,1266.4500,1284.2500,1236.0000,1238.9000,163100
20161108,1284.6000,1304.4000,1267.0000,1267.0000,196600
20161109,1228.3000,1288.7000,1136.6000,1176.6500,127900
20161110,1207.3000,1268.9500,1205.0000,1254.0000,115300
20161111,1159.5500,1230.0000,1155.0000,1230.0000,108500
20161114,1159.5500,1159.5500,1159.5500,1159.5500,0
20161115,1119.7000,1179.2500,1089.9000,1162.0500,231700
20161116,1158.4500,1174.9500,1110.0000,1131.2000,354800
20161117,1146.1500,1177.9500,1115.0000,1144.2500,96300
20161118,1080.9500,1154.0000,1046.0000,1146.0000,206500
20161121,1116.9000,1130.0000,1070.0000,1080.9500,154400
20161122,1090.9500,1139.8500,1051.0000,1129.2500,216600
20161123,1111.3000,1120.9500,1071.2500,1118.0000,178600
20161124,1133.9000,1149.0000,1086.1500,1091.0000,112600
20161125,1141.8000,1147.7500,1120.0000,1135.2000,115300
20161128,1130.5000,1185.0000,1102.0000,1129.9500,153100
20161129,1141.1000,1160.0000,1131.1000,1136.0000,88600
20161130,1149.2500,1162.2500,1130.0000,1140.9500,133200
20161201,1132.5500,1160.0000,1120.0000,1149.2500,157100
20161202,1099.8000,1139.0000,1089.5000,1130.0000,102100
20161205,1069.1000,1114.0000,1053.0000,1114.0000,229800
20161206,1085.2000,1099.0000,1074.2500,1074.9500,127600
20161207,1080.6500,1112.0000,1071.0000,1099.9000,102400
20161208,1101.5000,1110.0000,1078.0000,1086.1500,87200
20161209,1107.3000,1114.0000,1085.0500,1109.0000,85500
20161212,1098.9000,1118.0000,1090.5000,1114.0000,55300
20161213,1097.5000,1111.1500,1087.0000,1098.0000,34900
20161214,1092.7500,1105.7500,1085.0000,1097.9500,33200
20161215,1092.4000,1100.0000,1081.2000,1081.2000,32500
20161216,1079.8500,1105.0000,1070.1000,1100.0000,113500
20161219,1080.6500,1090.2000,1071.0000,1090.2000,73100
20161220,1076.6000,1094.1500,1071.5500,1085.5000,56800
20161221,1051.9000,1079.7000,1048.0000,1076.4000,149500
20161222,1048.4500,1054.9500,1034.9500,1047.0000,226700
20161223,1051.6000,1058.4000,1035.3500,1049.9000,202800
20161226,1025.1500,1070.0000,1006.2000,1065.0000,173500
20161227,1053.5000,1065.5000,1012.3500,1025.1500,123100
20161228,1107.0500,1150.0000,1051.3500,1063.0000,185800
20161229,1124.8500,1135.0000,1100.3500,1107.8500,78600
20161230,1148.7500,1204.0000,1122.0000,1126.7500,266200
20170102,1155.4500,1171.0000,1147.9500,1148.5000,55600
20170103,1170.2500,1195.9000,1160.0000,1162.0000,148600
20170104,1174.1000,1188.0000,1169.6000,1172.4000,64900
20170105,1186.1000,1199.4000,1177.0000,1181.8500,210500
20170106,1179.7500,1195.8500,1175.0000,1186.1000,120700
20170109,1183.2000,1190.0000,1167.0500,1182.5000,27600
20170110,1219.7000,1240.0000,1178.6500,1184.5000,98500
20170111,1225.5000,1238.0000,1216.2500,1233.9000,59200
20170112,1177.9500,1233.5000,1170.0000,1233.5000,96200
20170113,1169.8500,1187.8500,1145.1000,1179.0000,112900
20170116,1226.5000,1235.0000,1173.5500,1174.8500,147300
20170117,1244.5000,1250.0000,1220.0500,1225.0000,106000
20170118,1303.9000,1340.0000,1233.2500,1233.2500,3624900
20170119,1294.8500,1322.6000,1280.0000,1304.0000,265600
20170120,1266.6500,1325.0000,1251.0000,1291.0000,266500
20170123,1273.0000,1294.0500,1256.2000,1256.2000,124400
20170124,1297.6000,1303.4000,1275.0500,1275.0500,106700
20170125,1292.3500,1319.0000,1277.1500,1309.0000,138700
20170126,1292.3500,1292.3500,1292.3500,1292.3500,0
20170127,1275.7000,1310.0000,1265.2000,1289.9500,93200
20170130,1253.4000,1278.7000,1245.6000,1274.8500,88000
20170131,1229.8000,1271.7000,1221.0000,1259.9500,63700
20170201,1236.6000,1253.4000,1208.7500,1229.0000,75400
20170202,1249.0000,1250.0000,1223.2500,1227.0000,74200
20170203,1298.1000,1310.0000,1237.9000,1259.0000,337700
20170206,1259.0500,1304.0000,1243.4500,1290.0000,190000
20170207,1267.5000,1278.3000,1261.0500,1265.0000,65900
20170208,1279.0500,1294.0000,1260.0500,1269.9500,106300
20170209,1282.9000,1288.3000,1274.1500,1287.9500,26300
20170210,1298.4500,1316.0000,1283.0000,1288.0500,154900
20170213,1298.2000,1319.8000,1291.0500,1303.9000,56100
20170214,1287.9500,1305.6500,1265.3500,1304.9000,57400
20170215,1270.9000,1288.3500,1262.9500,1287.9500,46300
20170216,1275.2500,1285.0000,1260.0000,1272.0500,67300
20170217,1276.8000,1294.6000,1265.3000,1276.5000,40900
20170220,1268.4500,1281.1000,1257.4000,1279.0000,40500
20170221,1268.0000,1284.0000,1262.0000,1264.0500,32800
20170222,1263.3500,1281.5000,1256.0500,1279.0000,30900
20170223,1260.1000,1278.8000,1255.0000,1266.0000,57500
20170224,1260.1000,1260.1000,1260.1000,1260.1000,0
20170227,1278.1000,1290.9500,1231.0000,1265.0000,70300
20170228,1295.5500,1309.0500,1251.0000,1270.0000,114300
20170301,1296.2500,1315.0000,1288.1000,1298.0000,108000
20170302,1303.6500,1308.8500,1296.0000,1302.9500,85100
20170303,1310.0500,1313.0000,1291.0000,1300.0000,51000
20170306,1331.9000,1338.5500,1310.0000,1310.0500,82100
20170307,1344.6000,1352.0000,1331.0000,1340.0000,234300
20170308,1336.8000,1358.4000,1330.0000,1348.0000,111900
20170309,1350.7000,1358.0000,1317.1000,1335.7500,112600
20170310,1424.0500,1435.2500,1353.0000,1354.9500,552300
20170313,1424.0500,1424.0500,1424.0500,1424.0500,0
20170314,1447.7500,1454.0000,1426.0500,1450.0000,254100
20170315,1407.7500,1445.0000,1366.3500,1441.0000,626700
20170316,1409.8500,1423.7500,1386.0000,1407.7500,225900
20170317,1413.3500,1422.0000,1388.0000,1410.0000,629800
20170320,1414.6500,1429.7000,1387.0500,1425.0000,75800
20170321,1410.8500,1425.4000,1402.0000,1420.0000,82500
20170322,1416.7500,1425.0000,1397.9500,1409.8500,74200
20170323,1417.3500,1448.9500,1411.2500,1445.0000,119600
20170324,1416.8500,1443.7000,1406.0000,1427.0000,33500
20170327,1416.9500,1433.5500,1408.4500,1417.0000,51200
20170328,1431.9500,1435.0000,1422.3500,1429.9500,93900
20170329,1417.7000,1469.9500,1414.0000,1431.0000,286800
20170330,1417.0500,1440.9500,1412.3000,1432.0000,83400
20170331,1431.2500,1439.5000,1414.1000,1422.0000,347100
20170403,1437.4000,1448.0000,1429.8000,1432.8000,83900
20170404,1437.4000,1437.4000,1437.4000,1437.4000,0
20170405,1520.0000,1573.8000,1432.0000,1432.0000,680900
20170406,1510.1500,1542.0000,1496.7000,1523.0000,235300
20170407,1530.9000,1560.0000,1504.5000,1508.8000,333500
20170410,1534.4500,1557.0000,1515.0000,1532.5000,142100
20170411,1547.1500,1577.9000,1539.7000,1540.0000,240700
