20160412,232.4500,259.3000,232.0000,251.8000,1523800
20160413,240.0000,242.5000,229.1000,234.9500,771200
20160414,240.0000,240.0000,240.0000,240.0000,0
20160415,240.0000,240.0000,240.0000,240.0000,0
20160418,238.7000,248.0000,237.0000,242.0500,409800
20160419,238.7000,238.7000,238.7000,238.7000,0
20160420,237.6500,245.0000,236.0500,240.5000,227300
20160421,234.4500,241.9000,233.2500,239.7000,152700
20160422,259.0500,262.4500,233.5500,234.8500,1703800
20160425,256.4500,266.7000,254.0000,260.4000,912200
20160426,275.2500,279.5000,255.1000,256.4000,1521200
20160427,282.7500,285.0000,273.5000,274.9500,1160700
20160428,282.2000,287.7000,280.1000,282.0000,560200
20160429,288.4500,293.9500,281.9000,282.0000,879200
20160502,300.6500,303.5000,286.5000,287.0000,928600
20160503,293.0000,306.3500,290.5000,301.9500,560700
20160504,304.4500,306.7000,294.3000,294.3000,703000
20160505,322.0000,324.5000,306.1500,307.5000,1398600
20160506,318.0500,323.8500,315.0000,320.7000,528800
20160509,319.9500,347.8000,315.4000,319.8000,1423700
20160510,335.1500,340.9000,321.4000,321.4500,1306200
20160511,326.9500,340.8000,322.6500,332.0000,609500
20160512,323.2000,336.9500,319.0000,328.7500,588400
20160513,319.4500,326.9000,311.8500,323.5000,439000
20160516,326.2500,330.0000,317.4000,320.9000,459200
20160517,323.1500,329.0000,320.5000,327.6000,254100
20160518,334.2000,337.0000,317.1000,321.9000,741900
20160519,334.9500,337.0000,330.3500,335.1500,316900
20160520,333.8000,342.0000,328.5500,336.0000,365700
20160523,333.9500,337.8000,328.0000,330.2000,345200
20160524,364.7000,367.4000,335.6000,336.0000,2008600
20160525,369.1500,376.4500,353.8000,367.9500,1362600
20160526,363.3500,368.8000,341.2500,341.2500,454200
20160527,375.6500,381.9000,365.8000,365.8000,647400
20160530,371.2000,379.1000,368.1000,377.9500,390800
20160531,368.1500,379.9000,366.0000,371.0000,550100
20160601,389.6500,402.7000,369.9000,369.9500,1290600
20160602,416.0500,419.8000,383.0000,386.0000,2085000
20160603,371.6500,418.0000,365.0000,414.0000,1815800
20160606,422.8000,424.0000,373.0000,373.0000,2490100
20160607,419.6500,425.8000,405.0500,422.0000,1075000
20160608,426.5500,433.6000,415.0000,418.8000,1060800
20160609,437.4500,443.5500,425.0000,425.5000,1022500
20160610,434.1500,443.8500,430.0000,436.8500,611800
20160613,433.9500,439.9000,432.0000,433.0000,387600
20160614,448.4500,452.0000,433.1000,435.0000,547500
20160615,466.6000,481.0000,441.1500,450.2000,1528700
20160616,432.0500,472.7000,427.0500,466.0000,975200
20160617,429.9500,442.0000,400.0000,433.0000,981200
20160620,425.6500,443.7000,421.0000,421.6500,439100
20160621,449.7000,454.0000,412.2500,428.8500,1542700
20160622,456.8000,467.8500,440.0000,450.0000,1085000
20160623,449.4500,462.8000,442.0000,451.5000,783600
20160624,430.5500,448.0000,425.0000,442.0000,399100
20160627,415.8000,447.2000,412.1000,434.5000,899200
20160628,454.3500,459.4000,412.5000,418.9000,1305100
20160629,449.7000,460.0000,443.5000,453.8500,820400
20160630,449.3500,459.0000,443.1000,451.9000,515900
20160701,468.9000,478.8500,450.0000,451.0000,1050100
20160704,468.8000,475.0000,467.0000,468.5000,440500
20160705,451.9500,471.1500,446.5000,468.7000,422200
20160706,450.9000,450.9000,450.9000,450.9000,0
20160707,439.7500,456.0000,436.0000,451.0000,372300
20160708,431.7500,440.0000,426.0000,438.9000,269800
20160711,423.7000,445.0000,423.1000,434.9000,500700
20160712,424.7500,434.0000,421.2500,426.8500,320500
20160713,423.0500,435.0000,419.5000,425.2500,351900
20160714,409.0000,426.9000,405.5000,423.7000,468000
20160715,414.2000,424.0000,407.5000,412.4500,632300
20160718,409.6500,421.4000,407.0000,416.7500,148400
20160719,409.8000,415.8000,406.5000,411.1500,237700
20160720,420.4500,424.3500,407.0000,408.3500,413100
20160721,414.2500,428.7000,402.6500,422.6000,398700
20160722,413.2500,417.9000,413.0000,416.5000,237700
20160725,413.4000,418.7000,412.6000,415.0000,270500
20160726,412.6500,416.8000,412.5000,416.0000,125200
20160727,428.4000,434.6500,412.0000,412.0000,550600
20160728,414.4000,436.0000,413.0000,431.8500,447300
20160729,406.3500,418.0000,405.3000,415.0000,357100
20160801,406.8000,421.0000,405.5000,412.1000,286100
20160802,405.5500,410.7500,405.1000,410.0000,138200
20160803,389.4500,407.5000,383.0000,407.5000,348200
20160804,387.7000,395.1500,382.5000,392.0000,316000
20160805,382.6000,391.5000,382.2000,389.6500,130300
20160808,385.6000,396.6000,382.1000,383.2500,359400
20160809,397.3000,398.7000,382.2000,385.9500,254200
20160810,397.5000,406.0000,392.5000,400.0000,336900
20160811,390.3000,401.6500,382.1000,398.1500,173900
20160812,382.9500,392.8500,382.1500,391.9500,108200
20160815,382.9500,382.9500,382.9500,382.9500,0
20160816,382.6000,387.0000,382.0000,384.6500,185700
20160817,382.3500,391.8000,382.1000,384.2500,147100
20160818,397.9000,404.4000,383.0000,385.0000,256500
20160819,401.2000,406.9000,397.5000,399.6500,245900
20160822,410.4000,419.7000,402.1500,402.1500,417500
20160823,403.1000,413.7000,400.3000,410.9000,317100
20160824,427.3000,436.8000,404.2000,404.2500,683300
20160825,430.7500,435.6000,423.8000,429.1000,330000
20160826,438.3500,444.9000,432.6000,433.7000,515800
20160829,441.2000,445.7500,438.1000,439.0000,338300
20160830,458.6000,463.8000,443.9500,444.5000,322700
20160831,466.1000,474.7000,453.9500,461.6500,285900
20160901,457.3500,469.0000,455.0000,467.0000,93200
20160902,457.2000,467.0000,448.5500,458.6500,148400
20160905,457.2000,457.2000,457.2000,457.2000,0
20160906,465.1000,468.9000,452.5500,458.0000,135400
20160907,492.1500,495.0000,470.0000,470.0000,479700
20160908,471.3000,504.5000,462.2000,493.0000,759400
20160909,472.3000,485.0000,468.0000,474.4000,200800
20160912,464.6000,468.0000,461.0500,467.0500,165200
20160913,464.6000,464.6000,464.6000,464.6000,0
20160914,496.4000,499.0000,466.0000,466.0000,421600
20160915,495.8000,504.9500,491.2500,498.0000,230700
20160916,493.1500,506.8500,490.0000,498.7000,287100
20160919,493.2500,503.8000,490.0000,494.4000,206100
20160920,506.9000,511.5500,493.1000,495.0000,333800
20160921,508.0000,517.8000,505.0000,508.8000,420800
20160922,500.7000,521.0000,495.2500,510.5500,319900
20160923,509.1500,511.7000,504.0000,504.7000,308700
20160926,536.2500,540.0000,511.9000,511.9000,573700
20160927,556.9500,563.1500,534.1500,536.2500,599100
20160928,560.9500,567.9000,551.3000,558.0000,307400
20160929,524.7500,566.9000,520.4000,564.6500,267000
20160930,525.8500,543.8000,520.2500,524.0000,170000
20161003,571.4500,576.4000,531.0000,531.0000,485100
20161004,570.0000,584.9000,565.0000,573.3000,302000
20161005,591.5000,593.9500,571.0000,571.0000,243400
20161006,582.0000,598.0000,571.6000,590.0000,153500
20161007,601.9500,604.0000,584.0000,584.8000,258800
20161010,584.5000,614.0000,572.5000,600.2000,553400
20161011,584.5000,584.5000,584.5000,584.5000,0
20161012,584.5000,584.5000,584.5000,584.5000,0
20161013,623.6000,627.0000,580.1000,585.0000,599100
20161014,616.7500,643.4500,605.5500,625.9000,462900
20161017,636.7000,639.0000,601.1000,614.8000,479400
20161018,645.8500,651.0000,638.0000,638.0000,352900
20161019,644.9500,653.8000,642.0000,648.5000,237100
20161020,663.1000,665.5000,642.0000,644.0000,283700
20161021,649.5000,665.0000,645.0000,663.0000,263300
20161024,660.6500,669.5000,649.9500,650.0000,218500
20161025,662.0500,669.4000,655.0000,663.0000,224000
20161026,659.9500,668.8500,655.0500,660.5000,207200
20161027,667.1500,669.8500,652.0000,662.4500,84600
20161028,662.0000,673.9000,659.4000,669.3500,113400
20161031,662.0000,662.0000,662.0000,662.0000,0
20161101,636.5000,666.3500,631.7500,659.0000,153300
20161102,627.5500,632.8000,613.3500,631.9000,114600
20161103,658.6500,663.0000,630.3000,632.2000,147100
20161104,649.9500,664.7000,645.0000,660.1500,112300
20161107,647.0000,767.7000,641.3000,653.0000,110900
20161108,657.3000,660.0000,651.0000,656.0000,158500
20161109,588.0000,605.0000,525.8500,560.0000,71200
20161110,641.6000,645.0000,592.5000,592.5000,97700
20161111,611.4000,633.7000,604.3000,626.0000,70400
20161114,611.4000,611.4000,611.4000,611.4000,0
20161115,579.5500,624.7000,576.0000,618.6000,120500
20161116,579.6500,603.0000,570.0000,582.5000,156000
20161117,548.7000,590.8000,525.0000,590.8000,153300
20161118,538.8000,554.9000,529.0500,551.9500,79900
20161121,525.3000,549.9500,520.0000,549.9500,59700
20161122,534.2500,550.0000,520.0000,529.8000,155200
20161123,566.2500,603.0000,531.1500,540.9000,90000
20161124,640.9000,661.4000,570.1000,575.0000,697900
20161125,666.8500,674.8000,641.2500,645.9000,472100
20161128,677.7500,689.5000,666.4500,672.0000,232800
20161129,661.9500,686.0000,651.2000,682.8500,173700
20161130,656.3000,665.9500,648.9000,665.9500,109100
20161201,642.1500,659.7000,640.1000,659.7000,35300
20161202,632.8500,640.9500,627.1000,639.7500,70700
20161205,644.2500,664.0000,630.0000,639.9500,109000
20161206,647.7000,663.6000,642.2500,646.5000,45800
20161207,645.5000,659.6500,643.0000,650.2000,58200
20161208,646.2500,660.9000,642.0000,653.9000,53600
20161209,624.4000,650.6500,560.0500,646.0000,66800
20161212,613.9500,636.6500,609.0500,616.0500,82000
20161213,609.2000,625.9500,604.0000,616.0000,144600
20161214,608.4500,613.9500,605.0500,613.9500,108700
20161215,600.8000,620.0000,596.4000,598.0000,68300
20161216,590.1500,606.0000,588.0000,604.0000,34000
20161219,587.8500,593.8000,587.2500,592.7000,86500
20161220,578.3500,591.4000,575.0500,588.9500,43600
20161221,571.1000,582.1000,570.9500,582.1000,100700
20161222,610.8500,642.0000,571.0000,571.0000,586800
20161223,582.1500,631.8500,580.0000,600.0000,756600
20161226,587.4500,594.4500,561.5000,578.9000,321400
20161227,578.1500,596.0000,574.3000,590.8500,88700
20161228,570.2000,590.0000,566.5000,578.0000,101500
20161229,563.9000,577.8500,561.5000,569.0000,81300
20161230,560.6500,574.7000,558.0500,569.9500,68600
20170102,563.1000,571.9000,560.1500,565.5000,38400
20170103,566.3500,586.7500,562.0000,566.5000,139300
20170104,599.4000,645.0000,569.9500,569.9500,1190200
20170105,584.4500,612.0000,582.0000,603.0000,369500
20170106,575.1500,589.0000,572.1000,586.3500,174900
20170109,577.2500,599.0000,572.7500,580.8000,315700
20170110,617.5000,622.0000,578.0000,578.8000,634900
20170111,655.6000,658.7500,618.2000,618.2000,536400
20170112,665.4000,680.0000,632.3500,655.0000,903700
20170113,660.1000,670.3000,651.0000,667.7000,237700
20170116,668.8000,674.9000,651.0000,658.0000,236600
20170117,670.1000,679.9000,665.0000,671.8000,120000
20170118,685.4500,693.2500,669.0000,674.8500,176400
20170119,673.2000,696.9000,665.2500,687.3000,198200
20170120,660.6000,677.7000,660.0000,671.9000,81300
20170123,669.4000,682.9000,661.3500,663.8000,145100
20170124,689.0000,698.5000,672.0500,674.0000,180000
20170125,683.0500,695.8000,681.0000,694.0000,64100
20170126,683.0500,683.0500,683.0500,683.0500,0
20170127,678.1500,687.7000,675.0000,685.0000,83600
20170130,684.4500,687.0000,668.5000,675.8000,81000
20170131,672.8000,691.5000,663.0000,684.4500,98100
20170201,674.4500,679.9000,652.1000,674.5500,68400
20170202,671.0500,683.9000,668.0000,678.0000,74000
20170203,660.1500,677.9000,657.0000,665.0000,29000
20170206,660.0500,677.0000,654.0000,669.0000,49000
20170207,660.5500,666.6500,655.1000,662.9000,209500
20170208,656.7000,664.2000,655.0000,664.1000,31400
20170209,654.2500,670.0000,646.0000,659.8000,57400
20170210,673.3500,692.5000,659.0500,661.0000,178900
20170213,686.9500,692.4000,668.0000,678.0000,99100
20170214,676.6500,692.4000,670.0000,690.0000,55700
20170215,667.9000,683.8000,665.0000,681.0000,23500
20170216,669.3000,673.0000,665.0000,670.5000,36800
20170217,670.2500,686.0000,668.0000,671.0000,36600
20170220,671.0000,684.0000,670.0000,674.0000,21700
20170221,669.4000,676.9000,665.0000,665.0000,18400
20170222,667.9500,679.9500,665.0000,675.7500,129500
20170223,669.9000,673.5500,666.4000,669.9500,97500
20170224,669.9000,669.9000,669.9000,669.9000,0
20170227,664.4000,676.5000,662.0500,672.9000,183900
20170228,657.3500,668.0000,655.0000,668.0000,32900
20170301,655.6000,666.0000,652.0500,661.8000,15600
20170302,643.4000,661.0000,641.0000,661.0000,28100
20170303,638.5500,650.0000,636.0000,643.4000,16900
20170306,659.7000,676.9500,619.6000,644.9000,280200
20170307,666.2500,681.9500,660.0000,664.4000,165500
20170308,661.2000,711.8000,655.0000,665.9000,765700
20170309,626.8500,669.9500,620.0000,657.5000,547500
20170310,624.6000,637.7000,621.0000,628.7500,139200
20170313,624.6000,624.6000,624.6000,624.6000,0
20170314,597.7000,635.0000,552.8000,635.0000,291300
20170315,605.6000,617.0000,595.2000,603.1500,154500
20170316,649.0500,654.0000,605.6500,605.6500,775200
20170317,654.7500,665.0000,635.7000,652.0000,581000
20170320,658.4500,669.9000,648.8500,658.9500,155100
20170321,664.2000,674.9000,655.4500,660.0000,143300
20170322,646.9500,663.9500,644.0000,660.0000,86700
20170323,632.6500,653.0000,624.0000,650.0500,226800
20170324,634.1000,638.5500,625.1000,633.0000,87800
20170327,637.5500,645.5000,615.0000,634.9500,314100
20170328,624.6500,636.9000,620.0000,626.9000,107700
20170329,605.7500,633.8500,602.1500,629.0000,146200
20170330,610.8500,617.4500,605.1500,609.2000,35600
20170331,610.4500,616.0000,603.3000,614.6500,55700
20170403,615.9000,620.0000,611.2000,613.8500,19600
20170404,615.9000,615.9000,615.9000,615.9000,0
20170405,612.2500,635.0000,608.5000,615.9000,91200
20170406,605.1000,614.7500,600.0000,614.0000,57400
20170407,602.6000,608.8500,595.2500,604.0000,51900
20170410,587.2500,606.0000,582.0000,605.0500,57800
20170411,576.4500,594.0000,574.0500,588.9500,51500
