20160516,176.8000,185.0000,175.1500,185.0000,30937000
20160517,176.8500,178.6000,175.2500,178.5000,22183100
20160518,179.9500,180.4500,173.5500,176.9000,25345200
20160519,172.7000,181.0000,171.9000,181.0000,25480500
20160520,171.3500,174.7000,170.5500,173.5000,16720600
20160523,168.4000,172.7000,168.2000,172.3000,16193100
20160524,169.5000,170.4000,166.4000,168.8000,14816700
20160525,175.1000,175.8000,171.4500,171.5000,18900800
20160526,184.1500,185.5000,173.5000,175.1000,30700900
20160527,195.9000,202.4000,181.5000,184.0000,85585800
20160530,198.8500,203.9000,194.6000,200.2000,46075900
20160531,204.9500,205.7000,196.2000,198.8000,39457600
20160601,198.2500,208.3000,196.6000,205.9500,41868000
20160602,200.5500,202.3000,195.5500,197.8500,23499800
20160603,196.6000,202.1500,195.4000,201.0000,24568700
20160606,198.9000,202.6000,197.1000,197.4500,23623500
20160607,210.1500,211.1500,200.1500,200.4500,66063100
20160608,210.7000,211.9000,207.5500,210.1500,35163000
20160609,209.9500,212.8000,208.3000,210.0000,27858100
20160610,205.9500,211.5000,205.3000,209.3500,25598200
20160613,201.8000,202.6000,200.2000,201.5000,21192500
20160614,207.7000,208.6000,203.8000,204.3500,23918900
20160615,216.0500,217.5500,208.5500,209.7500,48362700
20160616,216.0000,218.5000,213.0500,216.0000,48122300
20160617,213.4500,217.5000,211.6000,216.7500,26486600
20160620,215.9000,216.7000,207.9000,208.0000,32633700
20160621,214.0000,217.5000,213.1500,215.0000,18960300
20160622,212.9000,215.2500,211.4500,214.0000,16395500
20160623,217.5500,218.0000,212.7500,213.0000,20666600
20160624,211.2500,212.3500,202.5000,205.9000,47224600
20160627,217.1500,218.8500,210.5500,210.8000,29021600
20160628,215.9000,218.6500,215.4000,216.7500,21784000
20160629,217.2000,218.8000,216.1000,217.9000,18019500
20160630,218.8000,221.9000,217.9000,220.0000,30600900
20160701,219.6000,221.0000,218.9000,220.8000,15346800
20160704,223.0000,224.3500,222.0000,222.3500,16534500
20160705,223.5000,225.1500,221.5500,223.2500,15357000
20160706,223.5000,223.5000,223.5000,223.5000,0
20160707,220.0500,224.6000,219.3500,223.9000,12917800
20160708,218.3000,220.8500,216.5000,220.1500,16017300
20160711,224.7000,225.4500,222.0000,223.6000,15831700
20160712,226.7000,227.2000,224.1500,225.0000,19374100
20160713,227.7000,228.5000,223.9500,227.0000,18377300
20160714,232.0000,232.8500,226.0000,227.0000,21208000
20160715,231.5000,234.4000,230.8000,232.9000,15068300
20160718,228.7500,233.8500,228.2000,232.4000,11816900
20160719,229.6000,232.1500,227.0000,230.0000,19767300
20160720,231.1500,232.7500,229.2000,230.6500,18051600
20160721,225.6500,232.1000,224.4000,231.6500,13306800
20160722,223.5000,225.9000,222.1000,225.4000,12341600
20160725,229.9000,231.0000,222.7000,223.0000,18427000
20160726,226.7000,232.2000,225.9000,230.0000,14162600
20160727,229.2500,231.0000,226.8000,227.7500,17626600
20160728,231.0000,235.1500,229.3000,230.1500,26838200
20160729,229.4000,232.7000,228.4000,230.0000,15577200
20160801,227.3000,232.6500,225.3000,230.8000,16071200
20160802,228.0500,230.9000,227.3000,229.3000,16145000
20160803,226.6500,230.5000,225.8000,228.5000,14838900
20160804,225.6500,228.7000,223.2000,228.4500,17810900
20160805,232.7500,233.9000,226.9000,227.3500,21264200
20160808,233.2500,235.9000,231.7000,233.9500,16972800
20160809,235.1500,238.0000,232.6500,234.2500,19854100
20160810,231.5000,236.9000,231.0500,236.7500,16279800
20160811,227.1500,231.6000,226.1000,231.5000,16673200
20160812,243.3000,247.9500,224.4000,227.0000,86616400
20160815,243.3000,243.3000,243.3000,243.3000,0
20160816,246.7500,247.9000,242.6500,245.2500,27709800
20160817,246.2500,249.8000,244.3000,246.4500,18294000
20160818,248.4000,250.4000,246.5500,246.9000,14314900
20160819,258.5000,260.0000,253.5000,255.0000,39822500
20160822,254.8000,260.4000,254.0000,259.8000,19769800
20160823,254.7500,255.8000,251.0000,254.9000,17583700
20160824,254.4000,256.2000,253.5000,254.9500,11560200
20160825,250.1500,255.5500,248.6000,254.9000,21230700
20160826,246.6000,250.7000,245.8500,250.3000,16531900
20160829,249.0500,249.8500,244.2500,245.8500,11786100
20160830,252.2500,252.9000,249.8000,250.1500,15323200
20160831,252.5000,255.8000,251.2000,253.2500,15601500
20160901,252.0000,254.8500,251.1500,251.9500,12175800
20160902,254.6000,255.2000,251.6500,252.0000,11380200
20160905,254.6000,254.6000,254.6000,254.6000,0
20160906,260.1000,261.5000,256.0000,257.2000,16620900
20160907,266.8000,270.3000,260.4000,262.9000,30862300
20160908,268.3500,271.6000,266.9000,268.0000,14339100
20160909,264.1000,268.4000,263.3500,268.4000,11455800
20160912,252.7500,258.7500,251.8000,257.5000,18989700
20160913,252.7500,252.7500,252.7500,252.7500,0
20160914,257.5500,258.0000,253.0000,255.0000,12754900
20160915,256.0000,258.3500,254.2000,258.3500,7783600
20160916,254.3000,262.0000,253.4000,257.9500,18013400
20160919,255.6500,258.3000,255.2000,256.0000,11433200
20160920,254.4500,256.4000,253.6500,256.4000,9914500
20160921,251.1500,256.2500,250.6500,254.5000,12817100
20160922,257.9000,258.4500,255.1000,257.9000,20797300
20160923,254.5500,258.8000,253.8000,258.8000,12730200
20160926,251.6500,254.4500,250.6500,253.9500,8800100
20160927,249.0000,253.9000,248.3000,253.1500,11345300
20160928,253.7500,255.8000,248.0500,250.0000,17277500
20160929,247.2500,256.7500,243.5000,255.0000,27870600
20160930,251.2500,252.5000,245.8000,246.8500,14826200
20161003,255.3000,256.6500,252.6500,253.0000,9314600
20161004,259.7500,262.0000,253.8000,255.8000,21532800
20161005,260.8500,264.9000,259.5500,262.0000,20868500
20161006,256.8000,262.0000,255.6500,261.3500,11081100
20161007,258.7000,259.9000,255.2500,257.2500,11934100
20161010,256.6000,260.3000,256.0500,259.3500,9399800
20161011,256.6000,256.6000,256.6000,256.6000,0
20161012,256.6000,256.6000,256.6000,256.6000,0
20161013,249.6500,255.3500,245.8500,254.9500,18050600
20161014,252.1000,253.5500,249.1000,251.0000,12133900
20161017,253.2000,256.4500,252.0000,253.7500,16865500
20161018,256.9000,257.7000,253.8000,254.9000,20218300
20161019,255.4000,258.0000,254.8500,258.0000,9546400
20161020,260.2000,260.9000,255.3000,255.7000,14179500
20161021,258.5000,259.7500,256.1000,259.7500,8833300
20161024,262.9500,264.9000,259.3000,259.3000,14483200
20161025,261.4500,264.5500,260.7500,264.0000,9079100
20161026,258.7500,264.8500,256.8000,260.4000,15020600
20161027,255.4000,258.1000,254.3000,258.0000,10938000
20161028,258.0000,258.8000,254.0000,255.9000,11430100
20161031,258.0000,258.0000,258.0000,258.0000,0
20161101,258.9500,260.9000,256.5000,257.0000,10000600
20161102,251.0500,256.0000,250.5500,254.1000,13716200
20161103,245.6500,252.8000,244.8500,251.1500,12902300
20161104,242.8500,247.4000,240.3000,246.2500,12657600
20161107,252.7000,253.9000,245.5000,248.0000,11224400
20161108,252.6500,254.1000,248.6500,253.7000,9367200
20161109,260.0000,261.0500,235.0000,235.0000,31761600
20161110,281.3000,284.2000,265.2500,267.0000,50227500
20161111,273.0000,288.8000,270.5000,278.7500,57937100
20161114,273.0000,273.0000,273.0000,273.0000,0
20161115,278.2000,283.4500,270.7000,275.1500,48658800
20161116,277.2000,284.8000,276.1500,284.0000,27532700
20161117,277.4500,282.2000,275.6000,278.0000,19500700
20161118,275.8000,280.0000,274.8500,278.1500,13389600
20161121,257.3500,277.6000,255.8500,277.1500,26002000
20161122,257.3500,262.6500,251.1500,260.8000,25631400
20161123,258.6500,260.3500,254.7500,259.8000,16190000
20161124,261.7500,263.0000,254.5500,257.8000,28927700
20161125,260.9500,264.5000,258.3500,263.5000,19303500
20161128,253.5500,257.7500,248.0000,253.4500,22315100
20161129,252.7000,256.5000,252.0000,254.2500,12656700
20161130,258.3500,260.1500,252.7000,254.0000,16501600
20161201,255.6500,261.0000,254.6500,259.6500,12986100
20161202,254.1000,261.4000,253.0000,253.9500,21139700
20161205,256.9000,257.8000,253.2000,254.4000,8406900
20161206,259.1000,260.1500,256.3500,258.5000,10048400
20161207,255.6000,262.7500,251.6500,260.3500,22193200
20161208,259.9000,260.5000,258.0500,258.4500,9047700
20161209,266.6500,267.2000,258.8000,260.8000,16004100
20161212,263.6500,269.3500,262.3000,268.9000,14296200
20161213,266.1500,266.7500,261.5500,264.9000,9084100
20161214,262.9000,266.2500,262.3000,266.0000,8672500
20161215,265.4000,267.5000,259.0000,259.9000,12274400
20161216,264.7500,266.3500,263.0500,266.3500,11017500
20161219,261.3500,264.5000,260.8500,263.3500,8371200
20161220,254.5500,262.9000,253.2500,261.8500,12765300
20161221,255.3500,258.0000,254.1000,256.1000,8778400
20161222,249.8000,254.2500,248.3500,254.2500,12981500
20161223,249.1500,251.8000,247.8000,249.7500,10557100
20161226,244.2000,248.3000,243.6000,248.0000,8592900
20161227,248.7500,249.9500,243.1000,244.6000,8756500
20161228,247.7500,252.5000,247.1500,249.2500,11747000
20161229,247.6500,248.8500,245.5000,247.6500,10658600
20161230,250.2000,252.3000,247.2500,247.7500,10538400
20170102,243.6000,253.6500,242.6000,252.5000,25988900
20170103,244.9000,246.4000,241.1000,244.0000,15963000
20170104,242.9000,246.4000,242.2000,245.8000,11225900
20170105,245.3500,245.9000,243.7000,245.0000,11970900
20170106,245.9000,249.0000,245.5000,246.0000,12354300
20170109,247.0500,248.3500,246.0000,246.4000,8329200
20170110,248.3000,249.0000,246.4000,247.7000,9352000
20170111,252.1500,253.2000,249.0000,249.6500,13415300
20170112,251.2500,254.4500,250.5500,252.9000,11282300
20170113,250.9000,252.6000,249.1000,252.0000,9333700
20170116,255.7500,256.4000,250.7000,251.0500,13234700
20170117,256.0000,258.6500,254.4000,257.4500,9480200
20170118,258.3500,259.3000,256.6000,257.1000,8048800
20170119,258.4000,262.0000,256.5000,257.2000,13029100
20170120,251.0500,260.5000,250.3000,258.5000,15341700
20170123,254.1500,255.2000,250.1000,251.0000,9339900
20170124,254.9000,257.0000,254.0000,255.1000,13540200
20170125,259.2000,261.0000,254.2000,255.5500,16343500
20170126,259.2000,259.2000,259.2000,259.2000,0
20170127,266.4500,268.2000,259.5000,260.3000,18039300
20170130,263.9500,267.9000,263.4000,265.8500,11884700
20170131,260.3500,263.8500,259.6500,261.1500,8899100
20170201,270.7000,271.9000,261.6000,262.0000,27253100
20170202,273.3000,275.0000,268.7000,271.8500,20139900
20170203,277.5500,278.5500,272.0000,273.0000,15366800
20170206,277.0500,282.5000,276.0000,280.0000,14725200
20170207,277.9000,280.0000,276.3000,277.8500,10981900
20170208,277.2000,279.2500,272.6000,278.1000,13622000
20170209,275.8500,280.3000,270.8500,278.8000,16080100
20170210,276.3500,282.8000,275.0000,278.7500,37580400
20170213,271.6500,278.2500,270.2000,277.8000,19853000
20170214,270.2000,273.0000,268.1000,272.0000,13306700
20170215,268.9500,272.5000,267.0500,270.9500,12201500
20170216,270.5000,277.0000,269.6500,277.0000,21794600
20170217,269.3500,273.6500,267.7000,271.1500,17830500
20170220,269.6500,271.5500,268.0000,269.9000,9229300
20170221,270.7000,271.5000,268.6500,270.0000,7754100
20170222,272.3000,274.7000,269.5000,271.9000,12617600
20170223,270.4500,273.0000,269.6000,271.7000,13146100
20170224,270.4500,270.4500,270.4500,270.4500,0
20170227,268.2500,271.4500,267.6000,270.8000,9645300
20170228,269.2000,271.2500,268.0000,268.9000,7941500
20170301,271.7500,273.3000,269.8000,270.0000,7656800
20170302,267.3000,274.7000,266.5000,273.0000,14220800
20170303,265.0500,268.9000,264.2500,266.2500,10120000
20170306,269.8500,270.3500,266.3500,266.6000,9515000
20170307,267.8000,270.9000,266.4000,270.8000,11599100
20170308,269.9000,270.3000,266.0000,267.8000,9122900
20170309,273.2500,273.9000,268.4000,269.0000,15594400
20170310,272.0500,275.5500,269.5000,274.5000,9557000
20170313,272.0500,272.0500,272.0500,272.0500,0
20170314,274.6500,278.4000,273.8000,278.4000,15734800
20170315,277.3500,280.5000,272.6500,272.6500,20055900
20170316,279.3000,280.2000,276.0500,278.0000,18005100
20170317,274.1500,279.5000,273.5000,279.4500,14265600
20170320,273.9000,274.7500,271.8000,274.7500,9678100
20170321,272.3500,277.0500,270.1500,274.4000,11898200
20170322,267.5000,271.0000,266.8000,270.3000,9887200
20170323,268.5000,269.4000,266.7000,269.0000,7998100
20170324,276.5000,278.9500,268.6500,269.5000,20133400
20170327,279.4500,280.8000,275.2000,276.0000,15966100
20170328,282.1000,282.9000,278.5000,280.6500,18673300
20170329,288.4500,289.9000,283.1500,283.1500,31008400
20170330,291.0500,293.7500,288.8500,289.0000,19683100
20170331,293.4000,295.0000,288.5000,292.0000,20185200
20170403,293.1500,295.7000,292.2000,294.8000,10509600
20170404,293.1500,293.1500,293.1500,293.1500,0
20170405,297.3500,298.7500,289.6500,293.3000,21936600
20170406,292.8500,297.5500,291.4500,295.4500,18413100
20170407,289.4500,294.8000,287.6500,291.7000,10765500
20170410,289.3500,290.3500,286.5500,289.8000,10307800
20170411,294.5000,295.1500,288.8000,289.3000,11682000
20170412,290.1500,295.4500,289.1000,294.0000,13251400
20170413,291.5500,293.1000,290.0000,290.2500,9944000
20170414,291.5500,291.5500,291.5500,291.5500,0
20170417,289.9000,292.7500,288.5000,291.1000,8146800
20170418,290.3000,296.9000,288.4000,291.0500,13457000
20170419,284.0500,291.7500,282.9000,291.5500,18149900
20170420,284.8000,286.9000,282.2000,283.9000,14514900
20170421,282.2000,287.0000,279.2500,287.0000,12042300
20170424,286.0500,287.8500,280.9000,283.2500,10077800
20170425,286.0500,288.8000,285.0000,287.5000,11531900
20170426,286.4500,289.5000,283.3500,287.1000,13836800
20170427,282.0500,287.9500,281.0500,286.4500,22622300
20170428,289.7500,290.7500,282.5000,283.0000,14152000
20170501,289.7500,289.7500,289.7500,289.7500,0
20170502,288.3000,292.5000,287.1000,290.2500,9754700
20170503,289.8000,293.2000,285.8000,289.4000,13950900
20170504,299.0500,300.0000,293.1000,294.0000,24534900
20170505,296.0000,304.9000,292.1500,301.0000,34756300
20170508,299.4000,300.7500,293.9000,296.1000,11560500
20170509,296.5000,300.9000,295.2500,300.9000,7843500
20170510,294.4500,298.1500,293.0000,297.0000,8699400
20170511,298.1000,299.4000,294.4500,295.9000,11934800
20170512,297.9000,302.6000,296.0000,300.0000,13376200
